0.127369 -0.154199 -0.000000
0.126749 -0.154708 -0.000000
0.126542 -0.154878 -0.000000
0.126416 -0.154980 -0.000000
0.126275 -0.155096 -0.000000
0.126108 -0.155231 -0.000000
0.125913 -0.155389 -0.000000
0.125691 -0.155569 -0.000000
0.125442 -0.155770 -0.000000
0.125171 -0.155988 -0.000000
0.124880 -0.156221 -0.000000
0.124572 -0.156467 -0.000000
0.124249 -0.156723 -0.000000
0.123915 -0.156988 -0.000000
0.123569 -0.157260 -0.000000
0.123214 -0.157538 -0.000000
0.122850 -0.157822 -0.000000
0.122478 -0.158111 -0.000000
0.122097 -0.158406 -0.000000
0.121706 -0.158706 -0.000000
0.121307 -0.159012 -0.000000
0.120896 -0.159324 -0.000000
0.120474 -0.159644 -0.000000
0.120037 -0.159972 -0.000000
0.119585 -0.160311 -0.000000
0.119113 -0.160661 -0.000000
0.118619 -0.161027 -0.000000
0.118096 -0.161410 -0.000000
0.117539 -0.161817 -0.000000
0.116938 -0.162251 -0.000000
0.116281 -0.162723 -0.000000
0.115551 -0.163242 -0.000000
0.114723 -0.163825 -0.000000
0.113757 -0.164498 -0.000000
0.107074 -0.157205 -0.000000
0.086235 -0.129076 -0.000000
0.066780 -0.102560 -0.000000
0.049364 -0.078594 -0.000000
0.034339 -0.057692 -0.000000
0.021826 -0.040046 -0.000000
0.011773 -0.025614 -0.000000
0.004008 -0.014193 -0.000000
-0.001713 -0.005479 0.000000
-0.005674 0.000884 -0.000000
-0.008173 0.005271 -0.000000
-0.009500 0.008049 -0.000000
-0.009923 0.009559 -0.000000
-0.009684 0.010106 -0.000000
-0.008987 0.009954 -0.000000
-0.008003 0.009325 -0.000000
-0.006869 0.008397 -0.000000
-0.005690 0.007311 -0.000000
-0.004543 0.006174 -0.000000
-0.003480 0.005061 -0.000000
-0.002534 0.004025 -0.000000
-0.001722 0.003097 -0.000000
-0.001048 0.002295 -0.000000
-0.000509 0.001622 -0.000000
-0.000095 0.001074 -0.000000
0.000209 0.000644 -0.000000
0.000418 0.000318 -0.000000
0.000549 0.000081 -0.000000
0.000617 -0.000080 -0.000000
0.000637 -0.000181 -0.000000
0.000622 -0.000235 -0.000000
0.000582 -0.000253 -0.000000
0.000528 -0.000245 -0.000000
0.000466 -0.000219 -0.000000
0.000402 -0.000183 -0.000000
0.000339 -0.000141 -0.000000
0.000281 -0.000098 -0.000000
0.000229 -0.000056 -0.000000
0.000185 -0.000017 -0.000000
0.000148 0.000018 -0.000000
0.000118 0.000047 -0.000000
0.000095 0.000072 -0.000000
0.000078 0.000092 -0.000000
0.000065 0.000107 -0.000000
0.000057 0.000118 -0.000000
0.000053 0.000126 -0.000000
0.000051 0.000131 -0.000000
0.000050 0.000134 -0.000000
0.000051 0.000135 -0.000000
0.000053 0.000134 -0.000000
0.000056 0.000133 -0.000000
0.000058 0.000131 -0.000000
0.000061 0.000128 -0.000000
0.000063 0.000125 -0.000000
0.000065 0.000122 -0.000000
0.000066 0.000120 -0.000000
0.000067 0.000117 -0.000000
0.000068 0.000114 -0.000000
0.000068 0.000112 -0.000000
0.000068 0.000110 -0.000000
0.000068 0.000108 -0.000000
0.000068 0.000106 -0.000000
0.000067 0.000104 -0.000000
0.000066 0.000103 -0.000000
0.000065 0.000102 -0.000000
0.000064 0.000100 -0.000000
0.000063 0.000099 -0.000000
0.000062 0.000098 -0.000000
0.000061 0.000097 -0.000000
0.000060 0.000096 -0.000000
0.000059 0.000095 -0.000000
0.000058 0.000094 -0.000000
0.000057 0.000093 -0.000000
0.000056 0.000092 -0.000000
0.000055 0.000090 -0.000000
0.000054 0.000089 -0.000000
0.000053 0.000088 -0.000000
0.000052 0.000087 -0.000000
0.000051 0.000086 -0.000000
0.000050 0.000085 -0.000000
0.000049 0.000084 -0.000000
0.000049 0.000083 -0.000000
0.000048 0.000082 -0.000000
0.000047 0.000081 -0.000000
0.000046 0.000080 -0.000000
0.000045 0.000079 -0.000000
0.000044 0.000078 -0.000000
0.000043 0.000076 -0.000000
0.000042 0.000075 -0.000000
0.000041 0.000074 -0.000000
0.000040 0.000073 -0.000000
0.000040 0.000072 -0.000000
0.000039 0.000071 -0.000000
0.000038 0.000070 -0.000000
0.000037 0.000069 -0.000000
0.000036 0.000068 -0.000000
0.000035 0.000067 -0.000000
0.000034 0.000066 -0.000000
0.000033 0.000064 -0.000000
0.000032 0.000063 -0.000000
0.000031 0.000062 -0.000000
0.000030 0.000061 -0.000000
0.000029 0.000060 -0.000000
0.000028 0.000059 -0.000000
0.000027 0.000058 -0.000000
0.000027 0.000057 -0.000000
0.000026 0.000056 -0.000000
0.000025 0.000055 -0.000000
0.000024 0.000054 -0.000000
0.000023 0.000053 -0.000000
0.000022 0.000052 -0.000000
0.000021 0.000051 -0.000000
0.000020 0.000050 -0.000000
0.000020 0.000050 -0.000000
0.000020 0.000050 -0.000000
0.000020 0.000050 -0.000000
0.000020 0.000050 -0.000000
0.000021 0.000050 -0.000000
0.000022 0.000051 -0.000000
0.000022 0.000052 -0.000000
0.000023 0.000053 -0.000000
0.000024 0.000054 -0.000000
0.000025 0.000055 -0.000000
0.000026 0.000056 -0.000000
0.000027 0.000057 -0.000000
0.000029 0.000058 -0.000000
0.000030 0.000059 -0.000000
0.000031 0.000061 -0.000000
0.000032 0.000062 -0.000000
0.000033 0.000063 -0.000000
0.000034 0.000064 -0.000000
0.000035 0.000065 -0.000000
0.000037 0.000066 -0.000000
0.000038 0.000067 -0.000000
0.000039 0.000068 -0.000000
0.000040 0.000069 -0.000000
0.000041 0.000070 -0.000000
0.000042 0.000071 -0.000000
0.000043 0.000072 -0.000000
0.000044 0.000073 -0.000000
0.000045 0.000074 -0.000000
0.000047 0.000075 -0.000000
0.000048 0.000076 -0.000000
0.000049 0.000077 -0.000000
0.000050 0.000078 -0.000000
0.000051 0.000079 -0.000000
0.000052 0.000080 -0.000000
0.000053 0.000081 -0.000000
0.000054 0.000082 -0.000000
0.000055 0.000083 -0.000000
0.000056 0.000084 -0.000000
0.000058 0.000085 -0.000000
0.000059 0.000086 -0.000000
0.000060 0.000087 -0.000000
0.000061 0.000088 -0.000000
0.000062 0.000089 -0.000000
0.000063 0.000090 -0.000000
0.000064 0.000091 -0.000000
0.000065 0.000092 -0.000000
0.000066 0.000093 -0.000000
0.000068 0.000094 -0.000000
0.000069 0.000094 -0.000000
0.000070 0.000095 -0.000000
0.000071 0.000096 -0.000000
0.000072 0.000097 -0.000000
0.000073 0.000098 -0.000000
0.000074 0.000099 -0.000000
0.000075 0.000100 -0.000000
0.000077 0.000101 -0.000000
0.000078 0.000102 -0.000000
0.000079 0.000103 -0.000000
0.000080 0.000104 -0.000000
0.000081 0.000105 -0.000000
0.000082 0.000106 -0.000000
0.000083 0.000107 -0.000000
0.000084 0.000107 -0.000000
0.000086 0.000108 -0.000000
0.000087 0.000109 -0.000000
0.000088 0.000110 -0.000000
0.000089 0.000111 -0.000000
0.000090 0.000112 -0.000000
0.000091 0.000113 -0.000000
0.000092 0.000114 -0.000000
0.000094 0.000115 -0.000000
0.000095 0.000116 -0.000000
0.000096 0.000116 -0.000000
0.000097 0.000117 -0.000000
0.000098 0.000118 -0.000000
0.000099 0.000119 -0.000000
0.000100 0.000120 -0.000000
0.000102 0.000121 -0.000000
0.000103 0.000122 -0.000000
0.000104 0.000123 -0.000000
0.000105 0.000123 -0.000000
0.000106 0.000124 -0.000000
0.000107 0.000125 -0.000000
0.000108 0.000126 -0.000000
0.000110 0.000127 -0.000000
0.000111 0.000128 -0.000000
0.000112 0.000129 -0.000000
0.000113 0.000129 -0.000000
0.000114 0.000130 -0.000000
0.000115 0.000131 -0.000000
0.000117 0.000132 -0.000000
0.000118 0.000133 -0.000000
0.000119 0.000134 -0.000000
0.000120 0.000134 -0.000000
0.148140 -0.134367 -0.000000
0.148498 -0.133971 -0.000000
0.148834 -0.133598 -0.000000
0.149050 -0.133357 -0.000000
0.149168 -0.133225 -0.000000
0.149209 -0.133179 -0.000000
0.149189 -0.133202 -0.000000
0.149119 -0.133280 -0.000000
0.149006 -0.133406 -0.000000
0.148855 -0.133575 -0.000000
0.148669 -0.133782 -0.000000
0.148447 -0.134028 -0.000000
0.148188 -0.134314 -0.000000
0.147887 -0.134646 -0.000000
0.147534 -0.135032 -0.000000
0.147117 -0.135486 -0.000000
0.146614 -0.136030 -0.000000
0.144221 -0.135048 -0.000000
0.117893 -0.111714 -0.000000
0.092955 -0.089504 -0.000000
0.070346 -0.069272 -0.000000
0.050606 -0.051503 -0.000000
0.033958 -0.036398 -0.000000
0.020393 -0.023954 -0.000000
0.009738 -0.014022 -0.000000
0.001713 -0.006364 -0.000000
-0.004021 -0.000693 0.000000
-0.007830 0.003297 -0.000000
-0.010074 0.005908 -0.000000
-0.011093 0.007424 -0.000000
-0.011193 0.008100 -0.000000
-0.010639 0.008157 -0.000000
-0.009655 0.007783 -0.000000
-0.008420 0.007129 -0.000000
-0.007076 0.006317 -0.000000
-0.005728 0.005438 -0.000000
-0.004449 0.004559 -0.000000
-0.003289 0.003729 -0.000000
-0.002275 0.002975 -0.000000
-0.001418 0.002315 -0.000000
-0.000719 0.001756 -0.000000
-0.000169 0.001296 -0.000000
0.000247 0.000929 -0.000000
0.000546 0.000647 -0.000000
0.000746 0.000439 -0.000000
0.000866 0.000293 -0.000000
0.000923 0.000198 -0.000000
0.000932 0.000143 -0.000000
0.000908 0.000120 -0.000000
0.000862 0.000119 -0.000000
0.000802 0.000135 -0.000000
0.000736 0.000161 -0.000000
0.000669 0.000192 -0.000000
0.000606 0.000227 -0.000000
0.000548 0.000261 -0.000000
0.000498 0.000293 -0.000000
0.000456 0.000323 -0.000000
0.000421 0.000349 -0.000000
0.000394 0.000372 -0.000000
0.000374 0.000390 -0.000000
0.000359 0.000406 -0.000000
0.000350 0.000418 -0.000000
0.000345 0.000427 -0.000000
0.000343 0.000434 -0.000000
0.000344 0.000440 -0.000000
0.000346 0.000443 -0.000000
0.000349 0.000446 -0.000000
0.000354 0.000447 -0.000000
0.000358 0.000448 -0.000000
0.000363 0.000448 -0.000000
0.000367 0.000449 -0.000000
0.000371 0.000449 -0.000000
0.000375 0.000449 -0.000000
0.000379 0.000449 -0.000000
0.000382 0.000449 -0.000000
0.000385 0.000449 -0.000000
0.000387 0.000450 -0.000000
0.000389 0.000451 -0.000000
0.000391 0.000451 -0.000000
0.000392 0.000452 -0.000000
0.000394 0.000453 -0.000000
0.000395 0.000454 -0.000000
0.000396 0.000455 -0.000000
0.000397 0.000456 -0.000000
0.000398 0.000458 -0.000000
0.000400 0.000459 -0.000000
0.000401 0.000460 -0.000000
0.000402 0.000461 -0.000000
0.000403 0.000463 -0.000000
0.000404 0.000464 -0.000000
0.000405 0.000465 -0.000000
0.000406 0.000467 -0.000000
0.000407 0.000468 -0.000000
0.000408 0.000469 -0.000000
0.000409 0.000470 -0.000000
0.000411 0.000472 -0.000000
0.000412 0.000473 -0.000000
0.000413 0.000474 -0.000000
0.000414 0.000475 -0.000000
0.000415 0.000477 -0.000000
0.000417 0.000478 -0.000000
0.000418 0.000479 -0.000000
0.000419 0.000480 -0.000000
0.000420 0.000482 -0.000000
0.000421 0.000483 -0.000000
0.000423 0.000484 -0.000000
0.000424 0.000485 -0.000000
0.000425 0.000486 -0.000000
0.000426 0.000488 -0.000000
0.000427 0.000489 -0.000000
0.000428 0.000490 -0.000000
0.000430 0.000491 -0.000000
0.000431 0.000492 -0.000000
0.000432 0.000494 -0.000000
0.000433 0.000495 -0.000000
0.000434 0.000496 -0.000000
0.000435 0.000497 -0.000000
0.000437 0.000498 -0.000000
0.000438 0.000500 -0.000000
0.000439 0.000501 -0.000000
0.000440 0.000502 -0.000000
0.000441 0.000503 -0.000000
0.000442 0.000504 -0.000000
0.000444 0.000505 -0.000000
0.000445 0.000506 -0.000000
0.000446 0.000508 -0.000000
0.000447 0.000509 -0.000000
0.000448 0.000510 -0.000000
0.000449 0.000511 -0.000000
0.000450 0.000512 -0.000000
0.000452 0.000513 -0.000000
0.000453 0.000514 -0.000000
0.000454 0.000516 -0.000000
0.000455 0.000517 -0.000000
0.000456 0.000518 -0.000000
0.000457 0.000519 -0.000000
0.000458 0.000520 -0.000000
0.000459 0.000521 -0.000000
0.000461 0.000522 -0.000000
0.000462 0.000523 -0.000000
0.000463 0.000525 -0.000000
0.000464 0.000526 -0.000000
0.000465 0.000527 -0.000000
0.000466 0.000528 -0.000000
0.000467 0.000529 -0.000000
0.000468 0.000530 -0.000000
0.000469 0.000531 -0.000000
0.000471 0.000532 -0.000000
0.000472 0.000533 -0.000000
0.000473 0.000534 -0.000000
0.000474 0.000535 -0.000000
0.000475 0.000537 -0.000000
0.000476 0.000538 -0.000000
0.000477 0.000539 -0.000000
0.000478 0.000540 -0.000000
0.000479 0.000541 -0.000000
0.000480 0.000542 -0.000000
0.000481 0.000543 -0.000000
0.000483 0.000544 -0.000000
0.000484 0.000545 -0.000000
0.000485 0.000546 -0.000000
0.000486 0.000547 -0.000000
0.000487 0.000548 -0.000000
0.000488 0.000549 -0.000000
0.000489 0.000550 -0.000000
0.000490 0.000551 -0.000000
0.000491 0.000552 -0.000000
0.000492 0.000553 -0.000000
0.000493 0.000554 -0.000000
0.000494 0.000555 -0.000000
0.000495 0.000556 -0.000000
0.000496 0.000557 -0.000000
0.000497 0.000558 -0.000000
0.000498 0.000559 -0.000000
0.000499 0.000560 -0.000000
0.000500 0.000561 -0.000000
0.000501 0.000562 -0.000000
0.000502 0.000563 -0.000000
0.000504 0.000564 -0.000000
0.000505 0.000565 -0.000000
0.000506 0.000566 -0.000000
0.000507 0.000567 -0.000000
0.000508 0.000568 -0.000000
0.000509 0.000569 -0.000000
0.000510 0.000570 -0.000000
0.000511 0.000571 -0.000000
0.000512 0.000572 -0.000000
0.000513 0.000573 -0.000000
0.000514 0.000574 -0.000000
0.000515 0.000575 -0.000000
0.000516 0.000576 -0.000000
0.000517 0.000577 -0.000000
0.000518 0.000578 -0.000000
0.000519 0.000579 -0.000000
0.000520 0.000579 -0.000000
0.000521 0.000580 -0.000000
0.000522 0.000581 -0.000000
0.000523 0.000582 -0.000000
0.000524 0.000583 -0.000000
0.000525 0.000584 -0.000000
0.000526 0.000585 -0.000000
0.000526 0.000586 -0.000000
0.000527 0.000587 -0.000000
0.000528 0.000588 -0.000000
0.000529 0.000589 -0.000000
0.000530 0.000589 -0.000000
0.000531 0.000590 -0.000000
0.000532 0.000591 -0.000000
0.000533 0.000592 -0.000000
0.000534 0.000593 -0.000000
0.000535 0.000594 -0.000000
0.000536 0.000595 -0.000000
0.000537 0.000596 -0.000000
0.000538 0.000596 -0.000000
0.000539 0.000597 -0.000000
0.000540 0.000598 -0.000000
0.000541 0.000599 -0.000000
0.000542 0.000600 -0.000000
0.000543 0.000601 -0.000000
0.000543 0.000602 -0.000000
0.000544 0.000602 -0.000000
0.000545 0.000603 -0.000000
0.000546 0.000604 -0.000000
0.000547 0.000605 -0.000000
0.000548 0.000606 -0.000000
0.000549 0.000607 -0.000000
0.000550 0.000607 -0.000000
0.000551 0.000608 -0.000000
0.000552 0.000609 -0.000000
0.000553 0.000610 -0.000000
0.000553 0.000611 -0.000000
0.000554 0.000611 -0.000000
0.000555 0.000612 -0.000000
0.000556 0.000613 -0.000000
0.000557 0.000614 -0.000000
0.000558 0.000614 -0.000000
0.000559 0.000615 -0.000000
0.000560 0.000616 -0.000000
0.000560 0.000617 -0.000000
0.000561 0.000618 -0.000000
0.132013 0.150242 -0.000000
0.132282 0.150005 -0.000000
0.132499 0.149814 -0.000000
0.132625 0.149702 -0.000000
0.132681 0.149652 -0.000000
0.132686 0.149648 -0.000000
0.132653 0.149677 -0.000000
0.132592 0.149731 -0.000000
0.132512 0.149802 -0.000000
0.132416 0.149887 -0.000000
0.132308 0.149982 -0.000000
0.132191 0.150085 -0.000000
0.132065 0.150196 -0.000000
0.131933 0.150312 -0.000000
0.131795 0.150433 -0.000000
0.131651 0.150559 -0.000000
0.131501 0.150690 -0.000000
0.131347 0.150825 -0.000000
0.131187 0.150964 -0.000000
0.131022 0.151107 -0.000000
0.130853 0.151253 -0.000000
0.130678 0.151404 -0.000000
0.130498 0.151559 -0.000000
0.130314 0.151718 -0.000000
0.130125 0.151880 -0.000000
0.129931 0.152046 -0.000000
0.129731 0.152216 -0.000000
0.129528 0.152390 -0.000000
0.129319 0.152567 -0.000000
0.129105 0.152747 -0.000000
0.128887 0.152932 -0.000000
0.128664 0.153119 -0.000000
0.128437 0.153310 -0.000000
0.128205 0.153504 -0.000000
0.127968 0.153701 -0.000000
0.127727 0.153902 -0.000000
0.127482 0.154105 -0.000000
0.127232 0.154311 -0.000000
0.126978 0.154521 -0.000000
0.126720 0.154733 -0.000000
0.126457 0.154947 -0.000000
0.126190 0.155165 -0.000000
0.125919 0.155384 -0.000000
0.125644 0.155607 -0.000000
0.125365 0.155832 -0.000000
0.125082 0.156059 -0.000000
0.124794 0.156289 -0.000000
0.124503 0.156522 -0.000000
0.124207 0.156757 -0.000000
0.123906 0.156994 -0.000000
0.123601 0.157234 -0.000000
0.123292 0.157478 -0.000000
0.122977 0.157724 -0.000000
0.122656 0.157973 -0.000000
0.122330 0.158226 -0.000000
0.121997 0.158483 -0.000000
0.121656 0.158744 -0.000000
0.121308 0.159011 -0.000000
0.120950 0.159283 -0.000000
0.120582 0.159562 -0.000000
0.120200 0.159850 -0.000000
0.119804 0.160147 -0.000000
0.119390 0.160456 -0.000000
0.118954 0.160780 -0.000000
0.118490 0.161122 -0.000000
0.117991 0.161487 -0.000000
0.117447 0.161884 -0.000000
0.116841 0.162321 -0.000000
0.116150 0.162816 -0.000000
0.113226 0.160411 -0.000000
0.091432 0.131249 -0.000000
0.070906 0.103550 -0.000000
0.052400 0.078363 -0.000000
0.036333 0.056284 -0.000000
0.022866 0.037563 -0.000000
0.011970 0.022190 -0.000000
0.003484 0.009979 -0.000000
-0.002838 0.000630 -0.000000
-0.007287 -0.006223 0.000000
-0.010171 -0.010969 0.000000
-0.011794 -0.013994 0.000000
-0.012436 -0.015658 0.000000
-0.012350 -0.016286 0.000000
-0.011755 -0.016159 0.000000
-0.010831 -0.015513 0.000000
-0.009725 -0.014541 0.000000
-0.008550 -0.013395 0.000000
-0.007389 -0.012189 0.000000
-0.006301 -0.011005 0.000000
-0.005323 -0.009901 0.000000
-0.004476 -0.008911 0.000000
-0.003767 -0.008053 0.000000
-0.003194 -0.007334 0.000000
-0.002749 -0.006749 0.000000
-0.002417 -0.006290 0.000000
-0.002183 -0.005942 0.000000
-0.002032 -0.005690 0.000000
-0.001946 -0.005518 0.000000
-0.001913 -0.005412 0.000000
-0.001917 -0.005357 0.000000
-0.001949 -0.005340 0.000000
-0.001997 -0.005350 0.000000
-0.002055 -0.005380 0.000000
-0.002117 -0.005421 0.000000
-0.002178 -0.005467 0.000000
-0.002236 -0.005516 0.000000
-0.002287 -0.005562 0.000000
-0.002332 -0.005606 0.000000
-0.002369 -0.005644 0.000000
-0.002400 -0.005677 0.000000
-0.002424 -0.005705 0.000000
-0.002442 -0.005727 0.000000
-0.002454 -0.005744 0.000000
-0.002463 -0.005757 0.000000
-0.002467 -0.005767 0.000000
-0.002470 -0.005773 0.000000
-0.002470 -0.005777 0.000000
-0.002468 -0.005778 0.000000
-0.002466 -0.005779 0.000000
-0.002464 -0.005778 0.000000
-0.002461 -0.005777 0.000000
-0.002458 -0.005775 0.000000
-0.002455 -0.005773 0.000000
-0.002452 -0.005771 0.000000
-0.002450 -0.005769 0.000000
-0.002449 -0.005768 0.000000
-0.002447 -0.005766 0.000000
-0.002446 -0.005765 0.000000
-0.002445 -0.005763 0.000000
-0.002445 -0.005762 0.000000
-0.002445 -0.005762 0.000000
-0.002445 -0.005761 0.000000
-0.002445 -0.005761 0.000000
-0.002445 -0.005760 0.000000
-0.002445 -0.005760 0.000000
-0.002445 -0.005760 0.000000
-0.002446 -0.005760 0.000000
-0.002446 -0.005760 0.000000
-0.002447 -0.005760 0.000000
-0.002447 -0.005760 0.000000
-0.002447 -0.005760 0.000000
-0.002448 -0.005760 0.000000
-0.002448 -0.005760 0.000000
-0.002448 -0.005759 0.000000
-0.002449 -0.005759 0.000000
-0.002449 -0.005759 0.000000
-0.002449 -0.005759 0.000000
-0.002449 -0.005759 0.000000
-0.002450 -0.005759 0.000000
-0.002450 -0.005759 0.000000
-0.002450 -0.005759 0.000000
-0.002450 -0.005759 0.000000
-0.002450 -0.005759 0.000000
-0.002451 -0.005759 0.000000
-0.002451 -0.005759 0.000000
-0.002451 -0.005759 0.000000
-0.002451 -0.005758 0.000000
-0.002451 -0.005758 0.000000
-0.002452 -0.005758 0.000000
-0.002452 -0.005758 0.000000
-0.002452 -0.005758 0.000000
-0.002452 -0.005758 0.000000
-0.002453 -0.005758 0.000000
-0.002453 -0.005758 0.000000
-0.002453 -0.005758 0.000000
-0.002453 -0.005758 0.000000
-0.002453 -0.005757 0.000000
-0.002454 -0.005757 0.000000
-0.002454 -0.005757 0.000000
-0.002454 -0.005757 0.000000
-0.002454 -0.005757 0.000000
-0.002455 -0.005757 0.000000
-0.002455 -0.005757 0.000000
-0.002455 -0.005757 0.000000
-0.002455 -0.005757 0.000000
-0.002455 -0.005756 0.000000
-0.002456 -0.005756 0.000000
-0.002456 -0.005756 0.000000
-0.002456 -0.005756 0.000000
-0.002456 -0.005756 0.000000
-0.002457 -0.005756 0.000000
-0.002457 -0.005756 0.000000
-0.002457 -0.005756 0.000000
-0.002457 -0.005756 0.000000
-0.002458 -0.005756 0.000000
-0.002458 -0.005755 0.000000
-0.002458 -0.005755 0.000000
-0.002458 -0.005755 0.000000
-0.002458 -0.005755 0.000000
-0.002459 -0.005755 0.000000
-0.002459 -0.005755 0.000000
-0.002459 -0.005755 0.000000
-0.002459 -0.005755 0.000000
-0.002460 -0.005755 0.000000
-0.002460 -0.005754 0.000000
-0.002460 -0.005754 0.000000
-0.002460 -0.005754 0.000000
-0.002461 -0.005754 0.000000
-0.002461 -0.005754 0.000000
-0.002461 -0.005754 0.000000
-0.002461 -0.005754 0.000000
-0.002462 -0.005754 0.000000
-0.002462 -0.005754 0.000000
-0.002462 -0.005753 0.000000
-0.002462 -0.005753 0.000000
-0.002463 -0.005753 0.000000
-0.002463 -0.005753 0.000000
-0.002463 -0.005753 0.000000
-0.002463 -0.005753 0.000000
-0.002464 -0.005753 0.000000
-0.002464 -0.005753 0.000000
-0.002464 -0.005753 0.000000
-0.002464 -0.005752 0.000000
-0.002465 -0.005752 0.000000
-0.002465 -0.005752 0.000000
-0.002465 -0.005752 0.000000
-0.002465 -0.005752 0.000000
-0.002466 -0.005752 0.000000
-0.002466 -0.005752 0.000000
-0.002466 -0.005752 0.000000
-0.002466 -0.005752 0.000000
-0.002467 -0.005751 0.000000
-0.002467 -0.005751 0.000000
-0.002467 -0.005751 0.000000
-0.002467 -0.005751 0.000000
-0.002468 -0.005751 0.000000
-0.002468 -0.005751 0.000000
-0.002468 -0.005751 0.000000
-0.002468 -0.005751 0.000000
-0.002469 -0.005750 0.000000
-0.002469 -0.005750 0.000000
-0.002469 -0.005750 0.000000
-0.002469 -0.005750 0.000000
-0.002470 -0.005750 0.000000
-0.002470 -0.005750 0.000000
-0.002470 -0.005750 0.000000
-0.002470 -0.005750 0.000000
-0.002471 -0.005750 0.000000
-0.002471 -0.005749 0.000000
-0.002471 -0.005749 0.000000
-0.040580 -0.195840 0.000000
-0.040885 -0.195776 0.000000
-0.041162 -0.195718 0.000000
-0.041426 -0.195663 0.000000
-0.041693 -0.195606 0.000000
-0.041974 -0.195546 0.000000
-0.042270 -0.195482 0.000000
-0.042582 -0.195414 0.000000
-0.042909 -0.195343 0.000000
-0.043249 -0.195268 0.000000
-0.043602 -0.195189 0.000000
-0.043964 -0.195108 0.000000
-0.044336 -0.195024 0.000000
-0.044715 -0.194937 0.000000
-0.045101 -0.194848 0.000000
-0.045494 -0.194757 0.000000
-0.045892 -0.194664 0.000000
-0.046295 -0.194568 0.000000
-0.046703 -0.194471 0.000000
-0.047114 -0.194371 0.000000
-0.047530 -0.194270 0.000000
-0.047950 -0.194167 0.000000
-0.048373 -0.194062 0.000000
-0.048799 -0.193955 0.000000
-0.049229 -0.193847 0.000000
-0.049661 -0.193736 0.000000
-0.050096 -0.193624 0.000000
-0.050534 -0.193511 0.000000
-0.050974 -0.193395 0.000000
-0.051417 -0.193278 0.000000
-0.051862 -0.193159 0.000000
-0.052310 -0.193038 0.000000
-0.052760 -0.192916 0.000000
-0.053212 -0.192791 0.000000
-0.053667 -0.192665 0.000000
-0.054124 -0.192537 0.000000
-0.054583 -0.192408 0.000000
-0.055045 -0.192276 0.000000
-0.055510 -0.192142 0.000000
-0.055978 -0.192006 0.000000
-0.056450 -0.191868 0.000000
-0.056925 -0.191728 0.000000
-0.057405 -0.191585 0.000000
-0.057889 -0.191439 0.000000
-0.058379 -0.191290 0.000000
-0.058876 -0.191138 0.000000
-0.059380 -0.190982 0.000000
-0.059894 -0.190821 0.000000
-0.060418 -0.190656 0.000000
-0.060954 -0.190485 0.000000
-0.061506 -0.190308 0.000000
-0.062075 -0.190123 0.000000
-0.062667 -0.189929 0.000000
-0.063285 -0.189723 0.000000
-0.063936 -0.189505 0.000000
-0.064628 -0.189270 0.000000
-0.065373 -0.189014 0.000000
-0.066184 -0.188732 0.000000
-0.067084 -0.188414 0.000000
-0.068105 -0.188047 0.000000
-0.069298 -0.187611 0.000000
-0.063383 -0.167600 0.000000
-0.052407 -0.134540 0.000000
-0.042090 -0.103949 0.000000
-0.032773 -0.076751 0.000000
-0.024635 -0.053412 0.000000
-0.017739 -0.034050 0.000000
-0.012063 -0.018532 0.000000
-0.007524 -0.006557 0.000000
-0.004007 0.002280 -0.000000
-0.001379 0.008431 -0.000000
0.000501 0.012362 -0.000000
0.001768 0.014518 -0.000000
0.002546 0.015311 -0.000000
0.002947 0.015102 -0.000000
0.003068 0.014199 -0.000000
0.002990 0.012858 -0.000000
0.002779 0.011281 -0.000000
0.002487 0.009623 -0.000000
0.002154 0.007998 -0.000000
0.001811 0.006483 -0.000000
0.001477 0.005128 -0.000000
0.001167 0.003958 -0.000000
0.000889 0.002981 -0.000000
0.000648 0.002193 -0.000000
0.000444 0.001579 -0.000000
0.000276 0.001122 -0.000000
0.000141 0.000799 -0.000000
0.000037 0.000588 -0.000000
-0.000042 0.000467 -0.000000
-0.000099 0.000415 -0.000000
-0.000138 0.000415 -0.000000
-0.000162 0.000452 -0.000000
-0.000176 0.000512 -0.000000
-0.000181 0.000585 -0.000000
-0.000179 0.000663 -0.000000
-0.000174 0.000741 -0.000000
-0.000166 0.000814 -0.000000
-0.000156 0.000880 -0.000000
-0.000146 0.000938 -0.000000
-0.000137 0.000986 -0.000000
-0.000127 0.001025 -0.000000
-0.000119 0.001055 -0.000000
-0.000112 0.001077 -0.000000
-0.000105 0.001093 -0.000000
-0.000100 0.001104 -0.000000
-0.000096 0.001109 -0.000000
-0.000093 0.001111 -0.000000
-0.000090 0.001111 -0.000000
-0.000089 0.001108 -0.000000
-0.000088 0.001104 -0.000000
-0.000087 0.001100 -0.000000
-0.000087 0.001095 -0.000000
-0.000087 0.001090 -0.000000
-0.000087 0.001085 -0.000000
-0.000088 0.001081 -0.000000
-0.000088 0.001077 -0.000000
-0.000089 0.001073 -0.000000
-0.000090 0.001070 -0.000000
-0.000090 0.001067 -0.000000
-0.000091 0.001065 -0.000000
-0.000092 0.001063 -0.000000
-0.000092 0.001061 -0.000000
-0.000093 0.001059 -0.000000
-0.000093 0.001058 -0.000000
-0.000094 0.001056 -0.000000
-0.000094 0.001055 -0.000000
-0.000095 0.001054 -0.000000
-0.000095 0.001053 -0.000000
-0.000096 0.001052 -0.000000
-0.000096 0.001051 -0.000000
-0.000097 0.001050 -0.000000
-0.000097 0.001049 -0.000000
-0.000097 0.001048 -0.000000
-0.000098 0.001047 -0.000000
-0.000098 0.001045 -0.000000
-0.000098 0.001044 -0.000000
-0.000099 0.001043 -0.000000
-0.000099 0.001042 -0.000000
-0.000099 0.001040 -0.000000
-0.000100 0.001039 -0.000000
-0.000100 0.001038 -0.000000
-0.000100 0.001037 -0.000000
-0.000101 0.001035 -0.000000
-0.000101 0.001034 -0.000000
-0.000101 0.001033 -0.000000
-0.000102 0.001031 -0.000000
-0.000102 0.001030 -0.000000
-0.000102 0.001029 -0.000000
-0.000103 0.001027 -0.000000
-0.000103 0.001026 -0.000000
-0.000103 0.001025 -0.000000
-0.000104 0.001023 -0.000000
-0.000104 0.001022 -0.000000
-0.000104 0.001021 -0.000000
-0.000105 0.001019 -0.000000
-0.000105 0.001018 -0.000000
-0.000105 0.001017 -0.000000
-0.000106 0.001015 -0.000000
-0.000106 0.001014 -0.000000
-0.000107 0.001012 -0.000000
-0.000107 0.001011 -0.000000
-0.000107 0.001010 -0.000000
-0.000108 0.001008 -0.000000
-0.000108 0.001007 -0.000000
-0.000108 0.001005 -0.000000
-0.000109 0.001004 -0.000000
-0.000109 0.001003 -0.000000
-0.000109 0.001001 -0.000000
-0.000110 0.001000 -0.000000
-0.000110 0.000998 -0.000000
-0.000110 0.000997 -0.000000
-0.000111 0.000996 -0.000000
-0.000111 0.000994 -0.000000
-0.000111 0.000993 -0.000000
-0.000112 0.000991 -0.000000
-0.000112 0.000990 -0.000000
-0.000112 0.000988 -0.000000
-0.000113 0.000987 -0.000000
-0.000113 0.000985 -0.000000
-0.000113 0.000984 -0.000000
-0.000114 0.000982 -0.000000
-0.000114 0.000981 -0.000000
-0.000115 0.000980 -0.000000
-0.000115 0.000978 -0.000000
-0.000115 0.000977 -0.000000
-0.000116 0.000975 -0.000000
-0.000116 0.000974 -0.000000
-0.000116 0.000972 -0.000000
-0.000117 0.000971 -0.000000
-0.000117 0.000969 -0.000000
-0.000117 0.000968 -0.000000
-0.000118 0.000966 -0.000000
-0.000118 0.000965 -0.000000
-0.000118 0.000963 -0.000000
-0.000119 0.000961 -0.000000
-0.000119 0.000960 -0.000000
-0.000119 0.000958 -0.000000
-0.000120 0.000957 -0.000000
-0.000120 0.000955 -0.000000
-0.000120 0.000954 -0.000000
-0.000121 0.000952 -0.000000
-0.000121 0.000951 -0.000000
-0.000121 0.000949 -0.000000
-0.000122 0.000948 -0.000000
-0.000122 0.000946 -0.000000
-0.000123 0.000944 -0.000000
-0.000123 0.000943 -0.000000
-0.000123 0.000941 -0.000000
-0.000124 0.000940 -0.000000
-0.000124 0.000938 -0.000000
-0.000124 0.000936 -0.000000
-0.000125 0.000935 -0.000000
-0.000125 0.000933 -0.000000
-0.000125 0.000932 -0.000000
-0.000126 0.000930 -0.000000
-0.000126 0.000928 -0.000000
-0.000126 0.000927 -0.000000
-0.000127 0.000925 -0.000000
-0.000127 0.000924 -0.000000
-0.000127 0.000922 -0.000000
-0.000128 0.000920 -0.000000
-0.000128 0.000919 -0.000000
-0.000128 0.000917 -0.000000
-0.000129 0.000915 -0.000000
-0.000129 0.000914 -0.000000
-0.000129 0.000912 -0.000000
-0.000130 0.000911 -0.000000
-0.000130 0.000909 -0.000000
-0.000130 0.000907 -0.000000
-0.000131 0.000906 -0.000000
-0.000131 0.000904 -0.000000
-0.000131 0.000902 -0.000000
-0.000132 0.000901 -0.000000
-0.000132 0.000899 -0.000000
-0.000132 0.000897 -0.000000
-0.000133 0.000896 -0.000000
-0.000133 0.000894 -0.000000
-0.000134 0.000892 -0.000000
-0.000134 0.000890 -0.000000
-0.199085 -0.019106 0.000000
-0.199075 -0.019218 0.000000
-0.199056 -0.019404 0.000000
-0.199038 -0.019597 0.000000
-0.199018 -0.019791 0.000000
-0.198998 -0.019996 0.000000
-0.198976 -0.020217 0.000000
-0.198951 -0.020457 0.000000
-0.198924 -0.020715 0.000000
-0.198895 -0.020993 0.000000
-0.198864 -0.021287 0.000000
-0.198830 -0.021599 0.000000
-0.198794 -0.021928 0.000000
-0.198756 -0.022272 0.000000
-0.198715 -0.022633 0.000000
-0.198672 -0.023009 0.000000
-0.198626 -0.023402 0.000000
-0.198577 -0.023812 0.000000
-0.198526 -0.024241 0.000000
-0.198470 -0.024689 0.000000
-0.198411 -0.025161 0.000000
-0.198347 -0.025658 0.000000
-0.198278 -0.026187 0.000000
-0.198202 -0.026754 0.000000
-0.198118 -0.027372 0.000000
-0.198022 -0.028059 0.000000
-0.172369 -0.025124 0.000000
-0.138257 -0.020822 0.000000
-0.106861 -0.016738 0.000000
-0.079072 -0.013009 0.000000
-0.055315 -0.009715 0.000000
-0.035670 -0.006893 0.000000
-0.019969 -0.004546 0.000000
-0.007878 -0.002651 0.000000
0.001031 -0.001170 -0.000000
0.007231 -0.000054 -0.000000
0.011199 0.000751 -0.000000
0.013392 0.001300 -0.000000
0.014225 0.001642 -0.000000
0.014061 0.001824 -0.000000
0.013210 0.001888 -0.000000
0.011925 0.001867 -0.000000
0.010406 0.001789 -0.000000
0.008806 0.001675 -0.000000
0.007237 0.001544 -0.000000
0.005776 0.001407 -0.000000
0.004469 0.001273 -0.000000
0.003341 0.001148 -0.000000
0.002400 0.001035 -0.000000
0.001641 0.000936 -0.000000
0.001050 0.000852 -0.000000
0.000609 0.000782 -0.000000
0.000297 0.000726 -0.000000
0.000093 0.000681 -0.000000
-0.000026 0.000646 -0.000000
-0.000078 0.000621 -0.000000
-0.000080 0.000602 -0.000000
-0.000048 0.000590 -0.000000
0.000007 0.000582 -0.000000
0.000075 0.000578 -0.000000
0.000148 0.000577 -0.000000
0.000221 0.000577 -0.000000
0.000290 0.000579 -0.000000
0.000352 0.000581 -0.000000
0.000406 0.000584 -0.000000
0.000452 0.000587 -0.000000
0.000489 0.000590 -0.000000
0.000519 0.000593 -0.000000
0.000541 0.000595 -0.000000
0.000557 0.000597 -0.000000
0.000568 0.000598 -0.000000
0.000575 0.000600 -0.000000
0.000579 0.000600 -0.000000
0.000580 0.000601 -0.000000
0.000580 0.000601 -0.000000
0.000578 0.000601 -0.000000
0.000576 0.000601 -0.000000
0.000573 0.000600 -0.000000
0.000570 0.000599 -0.000000
0.000568 0.000599 -0.000000
0.000566 0.000598 -0.000000
0.000564 0.000597 -0.000000
0.000562 0.000596 -0.000000
0.000561 0.000595 -0.000000
0.000560 0.000594 -0.000000
0.000559 0.000593 -0.000000
0.000559 0.000592 -0.000000
0.000559 0.000591 -0.000000
0.000559 0.000591 -0.000000
0.000560 0.000590 -0.000000
0.000560 0.000589 -0.000000
0.000561 0.000588 -0.000000
0.000562 0.000587 -0.000000
0.000562 0.000586 -0.000000
0.000563 0.000585 -0.000000
0.000564 0.000584 -0.000000
0.000564 0.000583 -0.000000
0.000565 0.000583 -0.000000
0.000566 0.000582 -0.000000
0.000566 0.000581 -0.000000
0.000567 0.000580 -0.000000
0.000568 0.000579 -0.000000
0.000568 0.000578 -0.000000
0.000569 0.000577 -0.000000
0.000569 0.000577 -0.000000
0.000570 0.000576 -0.000000
0.000570 0.000575 -0.000000
0.000571 0.000574 -0.000000
0.000571 0.000573 -0.000000
0.000572 0.000572 -0.000000
0.000572 0.000571 -0.000000
0.000573 0.000570 -0.000000
0.000574 0.000570 -0.000000
0.000574 0.000569 -0.000000
0.000575 0.000568 -0.000000
0.000575 0.000567 -0.000000
0.000576 0.000566 -0.000000
0.000576 0.000565 -0.000000
0.000577 0.000564 -0.000000
0.000577 0.000563 -0.000000
0.000578 0.000562 -0.000000
0.000578 0.000561 -0.000000
0.000579 0.000561 -0.000000
0.000579 0.000560 -0.000000
0.000580 0.000559 -0.000000
0.000580 0.000558 -0.000000
0.000581 0.000557 -0.000000
0.000581 0.000556 -0.000000
0.000582 0.000555 -0.000000
0.000582 0.000554 -0.000000
0.000583 0.000553 -0.000000
0.000583 0.000552 -0.000000
0.000584 0.000551 -0.000000
0.000584 0.000550 -0.000000
0.000585 0.000549 -0.000000
0.000585 0.000548 -0.000000
0.000586 0.000548 -0.000000
0.000586 0.000547 -0.000000
0.000587 0.000546 -0.000000
0.000587 0.000545 -0.000000
0.000587 0.000544 -0.000000
0.000588 0.000543 -0.000000
0.000588 0.000542 -0.000000
0.000589 0.000541 -0.000000
0.000589 0.000540 -0.000000
0.000590 0.000539 -0.000000
0.000590 0.000538 -0.000000
0.000591 0.000537 -0.000000
0.000591 0.000536 -0.000000
0.000592 0.000535 -0.000000
0.000592 0.000534 -0.000000
0.000593 0.000533 -0.000000
0.000593 0.000532 -0.000000
0.000594 0.000531 -0.000000
0.000594 0.000530 -0.000000
0.000594 0.000529 -0.000000
0.000595 0.000528 -0.000000
0.000595 0.000527 -0.000000
0.000596 0.000526 -0.000000
0.000596 0.000525 -0.000000
0.000597 0.000524 -0.000000
0.000597 0.000523 -0.000000
0.000598 0.000522 -0.000000
0.000598 0.000521 -0.000000
0.000598 0.000520 -0.000000
0.000599 0.000519 -0.000000
0.000599 0.000518 -0.000000
0.000600 0.000517 -0.000000
0.000600 0.000516 -0.000000
0.000601 0.000515 -0.000000
0.000601 0.000514 -0.000000
0.000601 0.000513 -0.000000
0.000602 0.000512 -0.000000
0.000602 0.000511 -0.000000
0.000603 0.000510 -0.000000
0.000603 0.000509 -0.000000
0.000604 0.000508 -0.000000
0.000604 0.000507 -0.000000
0.000604 0.000506 -0.000000
0.000605 0.000504 -0.000000
0.000605 0.000503 -0.000000
0.000606 0.000502 -0.000000
0.000606 0.000501 -0.000000
0.000606 0.000500 -0.000000
0.000607 0.000499 -0.000000
0.000607 0.000498 -0.000000
0.000608 0.000497 -0.000000
0.000608 0.000496 -0.000000
0.000608 0.000495 -0.000000
0.000609 0.000494 -0.000000
0.000609 0.000493 -0.000000
0.000610 0.000492 -0.000000
0.000610 0.000491 -0.000000
0.000610 0.000490 -0.000000
0.000611 0.000488 -0.000000
0.000611 0.000487 -0.000000
0.000612 0.000486 -0.000000
0.000612 0.000485 -0.000000
0.000612 0.000484 -0.000000
0.000613 0.000483 -0.000000
0.000613 0.000482 -0.000000
0.000613 0.000481 -0.000000
0.000614 0.000480 -0.000000
0.000614 0.000479 -0.000000
0.000615 0.000478 -0.000000
0.000615 0.000476 -0.000000
0.000615 0.000475 -0.000000
0.000616 0.000474 -0.000000
0.000616 0.000473 -0.000000
0.000616 0.000472 -0.000000
0.000617 0.000471 -0.000000
0.000617 0.000470 -0.000000
0.000617 0.000469 -0.000000
0.000618 0.000468 -0.000000
0.000618 0.000466 -0.000000
0.000618 0.000465 -0.000000
0.000619 0.000464 -0.000000
0.000619 0.000463 -0.000000
0.000619 0.000462 -0.000000
0.000620 0.000461 -0.000000
0.000620 0.000460 -0.000000
0.000621 0.000459 -0.000000
0.000621 0.000457 -0.000000
0.000621 0.000456 -0.000000
0.000622 0.000455 -0.000000
0.000622 0.000454 -0.000000
0.000622 0.000453 -0.000000
0.000622 0.000452 -0.000000
0.000623 0.000451 -0.000000
0.000623 0.000449 -0.000000
0.000623 0.000448 -0.000000
0.000624 0.000447 -0.000000
0.000624 0.000446 -0.000000
0.000624 0.000445 -0.000000
0.000625 0.000444 -0.000000
0.000625 0.000443 -0.000000
0.000625 0.000441 -0.000000
0.000626 0.000440 -0.000000
0.000626 0.000439 -0.000000
0.000626 0.000438 -0.000000
0.197173 0.033509 -0.000000
0.197213 0.033274 -0.000000
0.197279 0.032879 -0.000000
0.197352 0.032437 -0.000000
0.197431 0.031955 -0.000000
0.197517 0.031419 -0.000000
0.197610 0.030828 -0.000000
0.197709 0.030188 -0.000000
0.197812 0.029504 -0.000000
0.197918 0.028785 -0.000000
0.198025 0.028036 -0.000000
0.198133 0.027263 -0.000000
0.198240 0.026472 -0.000000
0.198346 0.025666 -0.000000
0.198450 0.024848 -0.000000
0.198552 0.024021 -0.000000
0.198651 0.023186 -0.000000
0.198748 0.022345 -0.000000
0.198841 0.021499 -0.000000
0.198931 0.020648 -0.000000
0.199018 0.019794 -0.000000
0.199102 0.018936 -0.000000
0.199182 0.018075 -0.000000
0.199258 0.017211 -0.000000
0.199331 0.016343 -0.000000
0.199401 0.015472 -0.000000
0.199467 0.014596 -0.000000
0.199529 0.013717 -0.000000
0.199588 0.012832 -0.000000
0.199643 0.011942 -0.000000
0.199695 0.011046 -0.000000
0.199743 0.010143 -0.000000
0.199787 0.009231 -0.000000
0.199827 0.008310 -0.000000
0.199864 0.007378 -0.000000
0.199897 0.006432 -0.000000
0.199925 0.005472 -0.000000
0.199950 0.004494 -0.000000
0.199969 0.003496 -0.000000
0.199985 0.002473 -0.000000
0.199995 0.001423 -0.000000
0.200000 0.000339 -0.000000
0.199998 -0.000785 -0.000000
0.199990 -0.001955 -0.000000
0.199975 -0.003181 -0.000000
0.199950 -0.004476 -0.000000
0.199914 -0.005853 -0.000000
0.199866 -0.007332 -0.000000
0.199800 -0.008938 -0.000000
0.199713 -0.010706 -0.000000
0.199597 -0.012683 -0.000000
0.199441 -0.014942 -0.000000
0.199225 -0.017589 -0.000000
0.189693 -0.019837 -0.000000
0.154533 -0.019373 -0.000000
0.121489 -0.018611 -0.000000
0.091717 -0.017632 -0.000000
0.065848 -0.016487 -0.000000
0.044114 -0.015217 -0.000000
0.026453 -0.013852 -0.000000
0.012601 -0.012425 -0.000000
0.002167 -0.010965 -0.000000
-0.005307 -0.009504 0.000000
-0.010303 -0.008072 0.000000
-0.013292 -0.006698 0.000000
-0.014712 -0.005406 0.000000
-0.014955 -0.004217 0.000000
-0.014358 -0.003147 0.000000
-0.013205 -0.002207 0.000000
-0.011723 -0.001400 0.000000
-0.010088 -0.000726 0.000000
-0.008433 -0.000181 0.000000
-0.006853 0.000244 -0.000000
-0.005409 0.000559 -0.000000
-0.004137 0.000778 -0.000000
-0.003054 0.000914 -0.000000
-0.002160 0.000982 -0.000000
-0.001446 0.000994 -0.000000
-0.000897 0.000964 -0.000000
-0.000492 0.000903 -0.000000
-0.000210 0.000822 -0.000000
-0.000029 0.000728 -0.000000
0.000072 0.000629 -0.000000
0.000111 0.000531 -0.000000
0.000104 0.000437 -0.000000
0.000066 0.000351 -0.000000
0.000008 0.000275 -0.000000
-0.000061 0.000209 -0.000000
-0.000134 0.000154 -0.000000
-0.000206 0.000109 -0.000000
-0.000274 0.000074 -0.000000
-0.000335 0.000048 -0.000000
-0.000388 0.000029 -0.000000
-0.000433 0.000017 -0.000000
-0.000470 0.000010 -0.000000
-0.000499 0.000007 -0.000000
-0.000521 0.000008 -0.000000
-0.000537 0.000010 -0.000000
-0.000548 0.000014 -0.000000
-0.000554 0.000019 -0.000000
-0.000558 0.000025 -0.000000
-0.000559 0.000030 -0.000000
-0.000558 0.000035 -0.000000
-0.000556 0.000039 -0.000000
-0.000553 0.000043 -0.000000
-0.000550 0.000046 -0.000000
-0.000546 0.000048 -0.000000
-0.000543 0.000050 -0.000000
-0.000540 0.000051 -0.000000
-0.000537 0.000052 -0.000000
-0.000534 0.000052 -0.000000
-0.000532 0.000051 -0.000000
-0.000530 0.000051 -0.000000
-0.000529 0.000050 -0.000000
-0.000528 0.000049 -0.000000
-0.000527 0.000048 -0.000000
-0.000526 0.000047 -0.000000
-0.000525 0.000045 -0.000000
-0.000525 0.000044 -0.000000
-0.000524 0.000043 -0.000000
-0.000524 0.000042 -0.000000
-0.000524 0.000040 -0.000000
-0.000523 0.000039 -0.000000
-0.000523 0.000038 -0.000000
-0.000523 0.000037 -0.000000
-0.000523 0.000036 -0.000000
-0.000523 0.000035 -0.000000
-0.000522 0.000034 -0.000000
-0.000522 0.000033 -0.000000
-0.000522 0.000032 -0.000000
-0.000522 0.000031 -0.000000
-0.000521 0.000030 -0.000000
-0.000521 0.000029 -0.000000
-0.000521 0.000029 -0.000000
-0.000521 0.000028 -0.000000
-0.000520 0.000027 -0.000000
-0.000520 0.000026 -0.000000
-0.000520 0.000025 -0.000000
-0.000519 0.000024 -0.000000
-0.000519 0.000023 -0.000000
-0.000518 0.000022 -0.000000
-0.000518 0.000022 -0.000000
-0.000518 0.000021 -0.000000
-0.000517 0.000020 -0.000000
-0.000517 0.000019 -0.000000
-0.000517 0.000018 -0.000000
-0.000516 0.000017 -0.000000
-0.000516 0.000016 -0.000000
-0.000516 0.000015 -0.000000
-0.000515 0.000015 -0.000000
-0.000515 0.000014 -0.000000
-0.000515 0.000013 -0.000000
-0.000514 0.000012 -0.000000
-0.000514 0.000011 -0.000000
-0.000513 0.000010 -0.000000
-0.000513 0.000009 -0.000000
-0.000513 0.000008 -0.000000
-0.000512 0.000008 -0.000000
-0.000512 0.000007 -0.000000
-0.000512 0.000006 -0.000000
-0.000511 0.000005 -0.000000
-0.000511 0.000004 -0.000000
-0.000511 0.000003 -0.000000
-0.000510 0.000002 -0.000000
-0.000510 0.000002 -0.000000
-0.000509 0.000001 -0.000000
-0.000509 -0.000000 0.000000
-0.000509 -0.000001 0.000000
-0.000508 -0.000002 0.000000
-0.000508 -0.000003 0.000000
-0.000508 -0.000003 0.000000
-0.000507 -0.000004 0.000000
-0.000507 -0.000005 0.000000
-0.000506 -0.000006 0.000000
-0.000506 -0.000007 0.000000
-0.000506 -0.000008 0.000000
-0.000505 -0.000009 0.000000
-0.000505 -0.000009 0.000000
-0.000504 -0.000010 0.000000
-0.000504 -0.000011 0.000000
-0.000504 -0.000012 0.000000
-0.000503 -0.000013 0.000000
-0.000503 -0.000014 0.000000
-0.000503 -0.000014 0.000000
-0.000502 -0.000015 0.000000
-0.000502 -0.000016 0.000000
-0.000502 -0.000017 0.000000
-0.000501 -0.000018 0.000000
-0.000501 -0.000018 0.000000
-0.000501 -0.000019 0.000000
-0.000500 -0.000020 0.000000
-0.000500 -0.000021 0.000000
-0.000500 -0.000022 0.000000
-0.000499 -0.000023 0.000000
-0.000499 -0.000023 0.000000
-0.000499 -0.000024 0.000000
-0.000498 -0.000025 0.000000
-0.000498 -0.000026 0.000000
-0.000498 -0.000027 0.000000
-0.000497 -0.000027 0.000000
-0.000497 -0.000028 0.000000
-0.000496 -0.000029 0.000000
-0.000496 -0.000030 0.000000
-0.000496 -0.000031 0.000000
-0.000495 -0.000031 0.000000
-0.000495 -0.000032 0.000000
-0.000495 -0.000033 0.000000
-0.000494 -0.000034 0.000000
-0.000494 -0.000035 0.000000
-0.000494 -0.000035 0.000000
-0.000493 -0.000036 0.000000
-0.000493 -0.000037 0.000000
-0.000492 -0.000038 0.000000
-0.000492 -0.000039 0.000000
-0.000492 -0.000039 0.000000
-0.000491 -0.000040 0.000000
-0.000491 -0.000041 0.000000
-0.000491 -0.000042 0.000000
-0.000490 -0.000043 0.000000
-0.000490 -0.000043 0.000000
-0.000489 -0.000044 0.000000
-0.000489 -0.000045 0.000000
-0.000489 -0.000046 0.000000
-0.000488 -0.000046 0.000000
-0.000488 -0.000047 0.000000
-0.000488 -0.000048 0.000000
-0.000487 -0.000049 0.000000
-0.000487 -0.000050 0.000000
-0.000486 -0.000050 0.000000
-0.000486 -0.000051 0.000000
-0.000486 -0.000052 0.000000
-0.000485 -0.000053 0.000000
-0.000485 -0.000053 0.000000
-0.000484 -0.000054 0.000000
-0.000484 -0.000055 0.000000
-0.000484 -0.000056 0.000000
-0.000483 -0.000056 0.000000
-0.000483 -0.000057 0.000000
-0.000482 -0.000058 0.000000
-0.000482 -0.000059 0.000000
0.198919 0.020768 -0.000000
0.198928 0.020676 -0.000000
0.198939 0.020577 -0.000000
0.198941 0.020557 -0.000000
0.198934 0.020624 -0.000000
0.198919 0.020764 -0.000000
0.198898 0.020963 -0.000000
0.198872 0.021210 -0.000000
0.198841 0.021498 -0.000000
0.198806 0.021819 -0.000000
0.198768 0.022169 -0.000000
0.198725 0.022545 -0.000000
0.198680 0.022943 -0.000000
0.198631 0.023362 -0.000000
0.198579 0.023800 -0.000000
0.198524 0.024257 -0.000000
0.198465 0.024731 -0.000000
0.198403 0.025222 -0.000000
0.198338 0.025729 -0.000000
0.198269 0.026253 -0.000000
0.198197 0.026793 -0.000000
0.198121 0.027349 -0.000000
0.198041 0.027921 -0.000000
0.197958 0.028509 -0.000000
0.197870 0.029113 -0.000000
0.197778 0.029733 -0.000000
0.197681 0.030368 -0.000000
0.197580 0.031020 -0.000000
0.197474 0.031688 -0.000000
0.197363 0.032372 -0.000000
0.197247 0.033072 -0.000000
0.197125 0.033789 -0.000000
0.196998 0.034523 -0.000000
0.196865 0.035274 -0.000000
0.196725 0.036043 -0.000000
0.196580 0.036831 -0.000000
0.196427 0.037637 -0.000000
0.196267 0.038463 -0.000000
0.196099 0.039311 -0.000000
0.195922 0.040181 -0.000000
0.195737 0.041074 -0.000000
0.195542 0.041993 -0.000000
0.195336 0.042940 -0.000000
0.195118 0.043919 -0.000000
0.194888 0.044931 -0.000000
0.194642 0.045983 -0.000000
0.194380 0.047078 -0.000000
0.194099 0.048226 -0.000000
0.193795 0.049433 -0.000000
0.193463 0.050714 -0.000000
0.193099 0.052083 -0.000000
0.192694 0.053562 -0.000000
0.192236 0.055183 -0.000000
0.191708 0.056992 -0.000000
0.191081 0.059061 -0.000000
0.174577 0.056424 -0.000000
0.140920 0.048037 -0.000000
0.109664 0.039930 -0.000000
0.081794 0.032412 -0.000000
0.057816 0.025668 -0.000000
0.037872 0.019786 -0.000000
0.021840 0.014785 -0.000000
0.009422 0.010635 -0.000000
0.000212 0.007269 -0.000000
-0.006250 0.004606 -0.000000
-0.010435 0.002553 -0.000000
-0.012796 0.001016 -0.000000
-0.013752 -0.000095 0.000000
-0.013670 -0.000861 0.000000
-0.012866 -0.001355 0.000000
-0.011599 -0.001639 0.000000
-0.010076 -0.001765 0.000000
-0.008456 -0.001777 0.000000
-0.006856 -0.001710 0.000000
-0.005357 -0.001590 0.000000
-0.004009 -0.001439 0.000000
-0.002841 -0.001273 0.000000
-0.001862 -0.001103 0.000000
-0.001068 -0.000937 0.000000
-0.000448 -0.000781 0.000000
0.000018 -0.000639 -0.000000
0.000351 -0.000513 -0.000000
0.000571 -0.000403 -0.000000
0.000702 -0.000309 -0.000000
0.000762 -0.000231 -0.000000
0.000770 -0.000168 -0.000000
0.000740 -0.000117 -0.000000
0.000686 -0.000078 -0.000000
0.000618 -0.000049 -0.000000
0.000544 -0.000029 -0.000000
0.000469 -0.000015 -0.000000
0.000398 -0.000008 -0.000000
0.000334 -0.000005 -0.000000
0.000277 -0.000006 -0.000000
0.000230 -0.000009 -0.000000
0.000191 -0.000014 -0.000000
0.000160 -0.000020 -0.000000
0.000137 -0.000027 -0.000000
0.000120 -0.000034 -0.000000
0.000109 -0.000041 -0.000000
0.000102 -0.000048 -0.000000
0.000099 -0.000055 -0.000000
0.000099 -0.000060 -0.000000
0.000100 -0.000066 -0.000000
0.000103 -0.000070 -0.000000
0.000106 -0.000074 -0.000000
0.000110 -0.000078 -0.000000
0.000114 -0.000081 -0.000000
0.000118 -0.000084 -0.000000
0.000122 -0.000086 -0.000000
0.000125 -0.000088 -0.000000
0.000128 -0.000089 -0.000000
0.000131 -0.000091 -0.000000
0.000133 -0.000092 -0.000000
0.000135 -0.000093 -0.000000
0.000137 -0.000095 -0.000000
0.000138 -0.000096 -0.000000
0.000139 -0.000097 -0.000000
0.000140 -0.000098 -0.000000
0.000140 -0.000099 -0.000000
0.000141 -0.000100 -0.000000
0.000142 -0.000102 -0.000000
0.000142 -0.000103 -0.000000
0.000142 -0.000104 -0.000000
0.000143 -0.000105 -0.000000
0.000143 -0.000107 -0.000000
0.000144 -0.000108 -0.000000
0.000144 -0.000109 -0.000000
0.000145 -0.000111 -0.000000
0.000145 -0.000112 -0.000000
0.000146 -0.000114 -0.000000
0.000146 -0.000115 -0.000000
0.000147 -0.000116 -0.000000
0.000147 -0.000118 -0.000000
0.000148 -0.000119 -0.000000
0.000149 -0.000121 -0.000000
0.000149 -0.000122 -0.000000
0.000150 -0.000123 -0.000000
0.000150 -0.000125 -0.000000
0.000151 -0.000126 -0.000000
0.000151 -0.000128 -0.000000
0.000152 -0.000129 -0.000000
0.000153 -0.000130 -0.000000
0.000153 -0.000132 -0.000000
0.000154 -0.000133 -0.000000
0.000154 -0.000134 -0.000000
0.000155 -0.000136 -0.000000
0.000156 -0.000137 -0.000000
0.000156 -0.000139 -0.000000
0.000157 -0.000140 -0.000000
0.000157 -0.000141 -0.000000
0.000158 -0.000143 -0.000000
0.000158 -0.000144 -0.000000
0.000159 -0.000145 -0.000000
0.000160 -0.000147 -0.000000
0.000160 -0.000148 -0.000000
0.000161 -0.000149 -0.000000
0.000161 -0.000151 -0.000000
0.000162 -0.000152 -0.000000
0.000162 -0.000153 -0.000000
0.000163 -0.000155 -0.000000
0.000164 -0.000156 -0.000000
0.000164 -0.000158 -0.000000
0.000165 -0.000159 -0.000000
0.000165 -0.000160 -0.000000
0.000166 -0.000162 -0.000000
0.000166 -0.000163 -0.000000
0.000167 -0.000164 -0.000000
0.000168 -0.000166 -0.000000
0.000168 -0.000167 -0.000000
0.000169 -0.000168 -0.000000
0.000169 -0.000170 -0.000000
0.000170 -0.000171 -0.000000
0.000170 -0.000172 -0.000000
0.000171 -0.000174 -0.000000
0.000171 -0.000175 -0.000000
0.000172 -0.000176 -0.000000
0.000173 -0.000178 -0.000000
0.000173 -0.000179 -0.000000
0.000174 -0.000180 -0.000000
0.000174 -0.000181 -0.000000
0.000175 -0.000183 -0.000000
0.000175 -0.000184 -0.000000
0.000176 -0.000185 -0.000000
0.000176 -0.000187 -0.000000
0.000177 -0.000188 -0.000000
0.000177 -0.000189 -0.000000
0.000178 -0.000191 -0.000000
0.000179 -0.000192 -0.000000
0.000179 -0.000193 -0.000000
0.000180 -0.000195 -0.000000
0.000180 -0.000196 -0.000000
0.000181 -0.000197 -0.000000
0.000181 -0.000198 -0.000000
0.000182 -0.000200 -0.000000
0.000182 -0.000201 -0.000000
0.000183 -0.000202 -0.000000
0.000183 -0.000204 -0.000000
0.000184 -0.000205 -0.000000
0.000184 -0.000206 -0.000000
0.000185 -0.000207 -0.000000
0.000186 -0.000209 -0.000000
0.000186 -0.000210 -0.000000
0.000187 -0.000211 -0.000000
0.000187 -0.000213 -0.000000
0.000188 -0.000214 -0.000000
0.000188 -0.000215 -0.000000
0.000189 -0.000216 -0.000000
0.000189 -0.000218 -0.000000
0.000190 -0.000219 -0.000000
0.000190 -0.000220 -0.000000
0.000191 -0.000221 -0.000000
0.000191 -0.000223 -0.000000
0.000192 -0.000224 -0.000000
0.000192 -0.000225 -0.000000
0.000193 -0.000226 -0.000000
0.000193 -0.000228 -0.000000
0.000194 -0.000229 -0.000000
0.000194 -0.000230 -0.000000
0.000195 -0.000231 -0.000000
0.000195 -0.000233 -0.000000
0.000196 -0.000234 -0.000000
0.000196 -0.000235 -0.000000
0.000197 -0.000236 -0.000000
0.000197 -0.000238 -0.000000
0.000198 -0.000239 -0.000000
0.000198 -0.000240 -0.000000
0.000199 -0.000241 -0.000000
0.000199 -0.000243 -0.000000
0.000200 -0.000244 -0.000000
0.000201 -0.000245 -0.000000
0.000201 -0.000246 -0.000000
0.000202 -0.000247 -0.000000
0.000202 -0.000249 -0.000000
0.000203 -0.000250 -0.000000
0.000203 -0.000251 -0.000000
0.000204 -0.000252 -0.000000
0.000204 -0.000254 -0.000000
0.000205 -0.000255 -0.000000
0.000205 -0.000256 -0.000000
-0.185835 -0.073929 0.000000
-0.185688 -0.074297 0.000000
-0.185529 -0.074692 0.000000
-0.185450 -0.074889 0.000000
-0.185448 -0.074895 0.000000
-0.185507 -0.074746 0.000000
-0.185618 -0.074472 0.000000
-0.185768 -0.074097 0.000000
-0.185950 -0.073638 0.000000
-0.186158 -0.073111 0.000000
-0.186386 -0.072528 0.000000
-0.186631 -0.071895 0.000000
-0.186890 -0.071220 0.000000
-0.187160 -0.070506 0.000000
-0.187440 -0.069758 0.000000
-0.187730 -0.068975 0.000000
-0.188027 -0.068159 0.000000
-0.188333 -0.067310 0.000000
-0.188647 -0.066426 0.000000
-0.188969 -0.065505 0.000000
-0.189299 -0.064543 0.000000
-0.189639 -0.063537 0.000000
-0.189991 -0.062479 0.000000
-0.190354 -0.061361 0.000000
-0.190734 -0.060172 0.000000
-0.191132 -0.058895 0.000000
-0.191553 -0.057509 0.000000
-0.192006 -0.055981 0.000000
-0.192499 -0.054260 0.000000
-0.192163 -0.052026 0.000000
-0.158826 -0.040887 0.000000
-0.127033 -0.030594 0.000000
-0.098028 -0.021489 0.000000
-0.072533 -0.013753 0.000000
-0.050862 -0.007432 0.000000
-0.033030 -0.002478 0.000000
-0.018841 0.001221 -0.000000
-0.007960 0.003815 -0.000000
0.000027 0.005471 -0.000000
0.005562 0.006363 -0.000000
0.009091 0.006653 -0.000000
0.011030 0.006494 -0.000000
0.011758 0.006017 -0.000000
0.011602 0.005336 -0.000000
0.010840 0.004541 -0.000000
0.009698 0.003707 -0.000000
0.008354 0.002888 -0.000000
0.006941 0.002122 -0.000000
0.005558 0.001436 -0.000000
0.004270 0.000844 -0.000000
0.003119 0.000350 -0.000000
0.002124 -0.000046 -0.000000
0.001293 -0.000351 -0.000000
0.000621 -0.000573 -0.000000
0.000096 -0.000724 -0.000000
-0.000299 -0.000816 0.000000
-0.000582 -0.000861 0.000000
-0.000771 -0.000868 0.000000
-0.000885 -0.000848 0.000000
-0.000940 -0.000810 0.000000
-0.000952 -0.000761 0.000000
-0.000932 -0.000706 0.000000
-0.000892 -0.000650 0.000000
-0.000840 -0.000597 0.000000
-0.000782 -0.000547 0.000000
-0.000723 -0.000504 0.000000
-0.000666 -0.000466 0.000000
-0.000615 -0.000436 0.000000
-0.000569 -0.000412 0.000000
-0.000530 -0.000393 0.000000
-0.000498 -0.000380 0.000000
-0.000472 -0.000372 0.000000
-0.000452 -0.000367 0.000000
-0.000437 -0.000365 0.000000
-0.000426 -0.000365 0.000000
-0.000419 -0.000367 0.000000
-0.000415 -0.000370 0.000000
-0.000413 -0.000374 0.000000
-0.000412 -0.000378 0.000000
-0.000413 -0.000382 0.000000
-0.000414 -0.000386 0.000000
-0.000416 -0.000389 0.000000
-0.000418 -0.000393 0.000000
-0.000420 -0.000396 0.000000
-0.000421 -0.000398 0.000000
-0.000423 -0.000400 0.000000
-0.000424 -0.000402 0.000000
-0.000425 -0.000403 0.000000
-0.000426 -0.000405 0.000000
-0.000426 -0.000406 0.000000
-0.000427 -0.000406 0.000000
-0.000427 -0.000407 0.000000
-0.000427 -0.000408 0.000000
-0.000426 -0.000408 0.000000
-0.000426 -0.000409 0.000000
-0.000426 -0.000409 0.000000
-0.000425 -0.000409 0.000000
-0.000425 -0.000410 0.000000
-0.000424 -0.000410 0.000000
-0.000424 -0.000411 0.000000
-0.000423 -0.000411 0.000000
-0.000422 -0.000412 0.000000
-0.000422 -0.000412 0.000000
-0.000421 -0.000413 0.000000
-0.000421 -0.000413 0.000000
-0.000420 -0.000414 0.000000
-0.000420 -0.000415 0.000000
-0.000419 -0.000415 0.000000
-0.000419 -0.000416 0.000000
-0.000418 -0.000416 0.000000
-0.000418 -0.000417 0.000000
-0.000417 -0.000418 0.000000
-0.000417 -0.000418 0.000000
-0.000416 -0.000419 0.000000
-0.000416 -0.000419 0.000000
-0.000415 -0.000420 0.000000
-0.000415 -0.000421 0.000000
-0.000414 -0.000421 0.000000
-0.000414 -0.000422 0.000000
-0.000413 -0.000422 0.000000
-0.000413 -0.000423 0.000000
-0.000412 -0.000424 0.000000
-0.000412 -0.000424 0.000000
-0.000411 -0.000425 0.000000
-0.000411 -0.000425 0.000000
-0.000410 -0.000426 0.000000
-0.000410 -0.000427 0.000000
-0.000409 -0.000427 0.000000
-0.000409 -0.000428 0.000000
-0.000408 -0.000428 0.000000
-0.000408 -0.000429 0.000000
-0.000407 -0.000429 0.000000
-0.000407 -0.000430 0.000000
-0.000406 -0.000431 0.000000
-0.000406 -0.000431 0.000000
-0.000405 -0.000432 0.000000
-0.000405 -0.000432 0.000000
-0.000404 -0.000433 0.000000
-0.000404 -0.000434 0.000000
-0.000403 -0.000434 0.000000
-0.000403 -0.000435 0.000000
-0.000402 -0.000435 0.000000
-0.000402 -0.000436 0.000000
-0.000401 -0.000436 0.000000
-0.000401 -0.000437 0.000000
-0.000400 -0.000438 0.000000
-0.000400 -0.000438 0.000000
-0.000399 -0.000439 0.000000
-0.000399 -0.000439 0.000000
-0.000398 -0.000440 0.000000
-0.000398 -0.000440 0.000000
-0.000397 -0.000441 0.000000
-0.000397 -0.000441 0.000000
-0.000396 -0.000442 0.000000
-0.000396 -0.000443 0.000000
-0.000395 -0.000443 0.000000
-0.000395 -0.000444 0.000000
-0.000394 -0.000444 0.000000
-0.000394 -0.000445 0.000000
-0.000393 -0.000445 0.000000
-0.000393 -0.000446 0.000000
-0.000392 -0.000446 0.000000
-0.000392 -0.000447 0.000000
-0.000391 -0.000448 0.000000
-0.000391 -0.000448 0.000000
-0.000390 -0.000449 0.000000
-0.000390 -0.000449 0.000000
-0.000389 -0.000450 0.000000
-0.000389 -0.000450 0.000000
-0.000388 -0.000451 0.000000
-0.000388 -0.000451 0.000000
-0.000387 -0.000452 0.000000
-0.000387 -0.000452 0.000000
-0.000386 -0.000453 0.000000
-0.000386 -0.000454 0.000000
-0.000385 -0.000454 0.000000
-0.000385 -0.000455 0.000000
-0.000384 -0.000455 0.000000
-0.000384 -0.000456 0.000000
-0.000383 -0.000456 0.000000
-0.000383 -0.000457 0.000000
-0.000382 -0.000457 0.000000
-0.000382 -0.000458 0.000000
-0.000381 -0.000458 0.000000
-0.000381 -0.000459 0.000000
-0.000380 -0.000459 0.000000
-0.000380 -0.000460 0.000000
-0.000379 -0.000460 0.000000
-0.000379 -0.000461 0.000000
-0.000378 -0.000461 0.000000
-0.000377 -0.000462 0.000000
-0.000377 -0.000463 0.000000
-0.000376 -0.000463 0.000000
-0.000376 -0.000464 0.000000
-0.000375 -0.000464 0.000000
-0.000375 -0.000465 0.000000
-0.000374 -0.000465 0.000000
-0.000374 -0.000466 0.000000
-0.000373 -0.000466 0.000000
-0.000373 -0.000467 0.000000
-0.000372 -0.000467 0.000000
-0.000372 -0.000468 0.000000
-0.000371 -0.000468 0.000000
-0.000371 -0.000469 0.000000
-0.000370 -0.000469 0.000000
-0.000370 -0.000470 0.000000
-0.000369 -0.000470 0.000000
-0.000369 -0.000471 0.000000
-0.000368 -0.000471 0.000000
-0.000368 -0.000472 0.000000
-0.000367 -0.000472 0.000000
-0.000366 -0.000473 0.000000
-0.000366 -0.000473 0.000000
-0.000365 -0.000474 0.000000
-0.000365 -0.000474 0.000000
-0.000364 -0.000475 0.000000
-0.000364 -0.000475 0.000000
-0.000363 -0.000476 0.000000
-0.000363 -0.000476 0.000000
-0.000362 -0.000477 0.000000
-0.000362 -0.000477 0.000000
-0.000361 -0.000478 0.000000
-0.000361 -0.000478 0.000000
-0.000360 -0.000479 0.000000
-0.000360 -0.000479 0.000000
-0.000359 -0.000480 0.000000
-0.000359 -0.000480 0.000000
-0.000358 -0.000481 0.000000
-0.000357 -0.000481 0.000000
-0.000357 -0.000481 0.000000
-0.000356 -0.000482 0.000000
-0.000356 -0.000482 0.000000
-0.000356 -0.000483 0.000000
-0.000355 -0.000483 0.000000
-0.000355 -0.000484 0.000000
-0.000354 -0.000484 0.000000
-0.000354 -0.000485 0.000000
-0.000353 -0.000485 0.000000
-0.000353 -0.000486 0.000000
-0.000352 -0.000486 0.000000
0.195464 0.042355 -0.000000
0.195506 0.042159 -0.000000
0.195538 0.042009 -0.000000
0.195533 0.042036 -0.000000
0.195488 0.042242 -0.000000
0.195409 0.042605 -0.000000
0.195301 0.043100 -0.000000
0.195166 0.043707 -0.000000
0.195008 0.044407 -0.000000
0.194829 0.045186 -0.000000
0.194631 0.046032 -0.000000
0.194414 0.046937 -0.000000
0.194181 0.047895 -0.000000
0.193930 0.048900 -0.000000
0.193662 0.049950 -0.000000
0.193377 0.051044 -0.000000
0.193072 0.052183 -0.000000
0.192749 0.053367 -0.000000
0.192403 0.054600 -0.000000
0.192033 0.055886 -0.000000
0.191636 0.057233 -0.000000
0.191208 0.058649 -0.000000
0.190742 0.060146 -0.000000
0.190231 0.061743 -0.000000
0.189665 0.063462 -0.000000
0.189027 0.065336 -0.000000
0.188295 0.067417 -0.000000
0.187432 0.069780 -0.000000
0.169296 0.065908 -0.000000
0.136324 0.055968 -0.000000
0.105810 0.046381 -0.000000
0.078686 0.037503 -0.000000
0.055419 0.029547 -0.000000
0.036123 0.022613 -0.000000
0.020662 0.016720 -0.000000
0.008728 0.011831 -0.000000
-0.000087 0.007871 -0.000000
-0.006238 0.004739 -0.000000
-0.010190 0.002328 -0.000000
-0.012387 0.000527 -0.000000
-0.013237 -0.000771 0.000000
-0.013097 -0.001661 0.000000
-0.012272 -0.002231 0.000000
-0.011013 -0.002553 0.000000
-0.009518 -0.002690 0.000000
-0.007939 -0.002692 0.000000
-0.006387 -0.002601 0.000000
-0.004939 -0.002449 0.000000
-0.003641 -0.002260 0.000000
-0.002520 -0.002054 0.000000
-0.001583 -0.001845 0.000000
-0.000826 -0.001641 0.000000
-0.000235 -0.001451 0.000000
0.000206 -0.001277 -0.000000
0.000520 -0.001123 -0.000000
0.000726 -0.000988 -0.000000
0.000847 -0.000874 -0.000000
0.000901 -0.000779 -0.000000
0.000906 -0.000701 -0.000000
0.000875 -0.000639 -0.000000
0.000822 -0.000592 -0.000000
0.000756 -0.000556 -0.000000
0.000684 -0.000531 -0.000000
0.000612 -0.000514 -0.000000
0.000543 -0.000505 -0.000000
0.000482 -0.000501 -0.000000
0.000428 -0.000501 -0.000000
0.000382 -0.000504 -0.000000
0.000345 -0.000509 -0.000000
0.000315 -0.000516 -0.000000
0.000293 -0.000523 -0.000000
0.000277 -0.000531 -0.000000
0.000266 -0.000538 -0.000000
0.000259 -0.000545 -0.000000
0.000255 -0.000552 -0.000000
0.000254 -0.000558 -0.000000
0.000255 -0.000563 -0.000000
0.000258 -0.000567 -0.000000
0.000261 -0.000571 -0.000000
0.000264 -0.000574 -0.000000
0.000267 -0.000576 -0.000000
0.000271 -0.000578 -0.000000
0.000274 -0.000579 -0.000000
0.000277 -0.000580 -0.000000
0.000279 -0.000581 -0.000000
0.000281 -0.000581 -0.000000
0.000283 -0.000582 -0.000000
0.000284 -0.000582 -0.000000
0.000285 -0.000582 -0.000000
0.000286 -0.000582 -0.000000
0.000287 -0.000582 -0.000000
0.000287 -0.000583 -0.000000
0.000288 -0.000583 -0.000000
0.000288 -0.000583 -0.000000
0.000288 -0.000583 -0.000000
0.000288 -0.000583 -0.000000
0.000288 -0.000583 -0.000000
0.000288 -0.000584 -0.000000
0.000288 -0.000584 -0.000000
0.000288 -0.000584 -0.000000
0.000288 -0.000585 -0.000000
0.000288 -0.000585 -0.000000
0.000289 -0.000586 -0.000000
0.000289 -0.000586 -0.000000
0.000289 -0.000586 -0.000000
0.000289 -0.000587 -0.000000
0.000289 -0.000587 -0.000000
0.000289 -0.000588 -0.000000
0.000289 -0.000588 -0.000000
0.000290 -0.000588 -0.000000
0.000290 -0.000589 -0.000000
0.000290 -0.000589 -0.000000
0.000290 -0.000590 -0.000000
0.000290 -0.000590 -0.000000
0.000290 -0.000590 -0.000000
0.000291 -0.000591 -0.000000
0.000291 -0.000591 -0.000000
0.000291 -0.000592 -0.000000
0.000291 -0.000592 -0.000000
0.000291 -0.000592 -0.000000
0.000291 -0.000593 -0.000000
0.000292 -0.000593 -0.000000
0.000292 -0.000593 -0.000000
0.000292 -0.000594 -0.000000
0.000292 -0.000594 -0.000000
0.000292 -0.000594 -0.000000
0.000292 -0.000595 -0.000000
0.000293 -0.000595 -0.000000
0.000293 -0.000595 -0.000000
0.000293 -0.000596 -0.000000
0.000293 -0.000596 -0.000000
0.000293 -0.000597 -0.000000
0.000293 -0.000597 -0.000000
0.000294 -0.000597 -0.000000
0.000294 -0.000598 -0.000000
0.000294 -0.000598 -0.000000
0.000294 -0.000598 -0.000000
0.000294 -0.000598 -0.000000
0.000294 -0.000599 -0.000000
0.000294 -0.000599 -0.000000
0.000295 -0.000599 -0.000000
0.000295 -0.000600 -0.000000
0.000295 -0.000600 -0.000000
0.000295 -0.000600 -0.000000
0.000295 -0.000601 -0.000000
0.000295 -0.000601 -0.000000
0.000295 -0.000601 -0.000000
0.000296 -0.000602 -0.000000
0.000296 -0.000602 -0.000000
0.000296 -0.000602 -0.000000
0.000296 -0.000602 -0.000000
0.000296 -0.000603 -0.000000
0.000296 -0.000603 -0.000000
0.000296 -0.000603 -0.000000
0.000296 -0.000603 -0.000000
0.000297 -0.000604 -0.000000
0.000297 -0.000604 -0.000000
0.000297 -0.000604 -0.000000
0.000297 -0.000605 -0.000000
0.000297 -0.000605 -0.000000
0.000297 -0.000605 -0.000000
0.000297 -0.000605 -0.000000
0.000297 -0.000606 -0.000000
0.000298 -0.000606 -0.000000
0.000298 -0.000606 -0.000000
0.000298 -0.000606 -0.000000
0.000298 -0.000607 -0.000000
0.000298 -0.000607 -0.000000
0.000298 -0.000607 -0.000000
0.000298 -0.000607 -0.000000
0.000298 -0.000607 -0.000000
0.000298 -0.000608 -0.000000
0.000298 -0.000608 -0.000000
0.000299 -0.000608 -0.000000
0.000299 -0.000608 -0.000000
0.000299 -0.000609 -0.000000
0.000299 -0.000609 -0.000000
0.000299 -0.000609 -0.000000
0.000299 -0.000609 -0.000000
0.000299 -0.000609 -0.000000
