0.000000 0.000000 0.000000 0.000000 
-0.000106 0.000616 0.000644 -0.000700 
-0.000156 0.001073 0.001119 -0.001400 
-0.000190 0.001401 0.001455 -0.002025 
-0.000219 0.001633 0.001687 -0.002461 
-0.000246 0.001799 0.001847 -0.002760 
-0.000273 0.001921 0.001956 -0.002964 
-0.000300 0.002012 0.002029 -0.003101 
-0.000327 0.002082 0.002077 -0.003191 
-0.000355 0.002138 0.002106 -0.003249 
-0.000383 0.002185 0.002121 -0.003283 
-0.000411 0.002226 0.002127 -0.003301 
-0.000439 0.002262 0.002125 -0.003308 
-0.000466 0.002296 0.002118 -0.003307 
-0.000494 0.002328 0.002106 -0.003301 
-0.000520 0.002359 0.002091 -0.003290 
-0.000546 0.002389 0.002073 -0.003276 
-0.000572 0.002420 0.002053 -0.003260 
-0.000596 0.002449 0.002030 -0.003243 
-0.000620 0.002479 0.002006 -0.003225 
-0.000643 0.002509 0.001980 -0.003206 
-0.000665 0.002539 0.001952 -0.003186 
-0.000685 0.002569 0.001923 -0.003166 
-0.000705 0.002599 0.001892 -0.003145 
-0.000724 0.002629 0.001860 -0.003124 
-0.000742 0.002659 0.001826 -0.003103 
-0.000758 0.002689 0.001791 -0.003082 
-0.000774 0.002719 0.001755 -0.003060 
-0.000788 0.002749 0.001718 -0.003038 
-0.000801 0.002779 0.001679 -0.003016 
-0.000813 0.002809 0.001638 -0.002993 
-0.000823 0.002839 0.001595 -0.002971 
-0.000833 0.002869 0.001551 -0.002947 
-0.000841 0.002900 0.001504 -0.002923 
-0.000848 0.002929 0.001454 -0.002894 
-0.000854 0.002862 0.001372 -0.002741 
-0.000858 0.002688 0.001260 -0.002450 
-0.000861 0.002450 0.001131 -0.002079 
-0.000863 0.002178 0.000997 -0.001671 
-0.000864 0.001899 0.000866 -0.001260 
-0.000865 0.001629 0.000745 -0.000869 
-0.000865 0.001379 0.000638 -0.000513 
-0.000864 0.001158 0.000547 -0.000201 
-0.000864 0.000968 0.000472 0.000064 
-0.000863 0.000810 0.000413 0.000280 
-0.000862 0.000683 0.000369 0.000451 
-0.000862 0.000584 0.000338 0.000580 
-0.000862 0.000509 0.000319 0.000674 
-0.000861 0.000456 0.000309 0.000737 
-0.000861 0.000420 0.000306 0.000776 
-0.000861 0.000398 0.000309 0.000795 
-0.000861 0.000387 0.000315 0.000799 
-0.000861 0.000385 0.000325 0.000792 
-0.000862 0.000388 0.000336 0.000779 
-0.000862 0.000395 0.000347 0.000761 
-0.000862 0.000404 0.000358 0.000741 
-0.000862 0.000414 0.000368 0.000720 
-0.000862 0.000424 0.000378 0.000701 
-0.000862 0.000434 0.000386 0.000683 
-0.000863 0.000443 0.000393 0.000667 
-0.000863 0.000450 0.000399 0.000654 
-0.000863 0.000457 0.000404 0.000642 
-0.000863 0.000462 0.000408 0.000633 
-0.000863 0.000466 0.000411 0.000627 
-0.000863 0.000469 0.000413 0.000622 
-0.000863 0.000471 0.000415 0.000618 
-0.000863 0.000472 0.000416 0.000616 
-0.000864 0.000473 0.000416 0.000615 
-0.000864 0.000473 0.000417 0.000614 
-0.000864 0.000473 0.000417 0.000614 
-0.000864 0.000472 0.000418 0.000614 
-0.000864 0.000471 0.000418 0.000615 
-0.000864 0.000470 0.000418 0.000616 
-0.000864 0.000469 0.000418 0.000617 
-0.000864 0.000468 0.000419 0.000618 
-0.000864 0.000467 0.000419 0.000618 
-0.000864 0.000466 0.000420 0.000619 
-0.000864 0.000465 0.000420 0.000619 
-0.000865 0.000464 0.000421 0.000620 
-0.000865 0.000463 0.000422 0.000620 
-0.000865 0.000462 0.000422 0.000620 
-0.000865 0.000462 0.000423 0.000621 
-0.000865 0.000461 0.000424 0.000621 
-0.000865 0.000460 0.000425 0.000621 
-0.000865 0.000459 0.000425 0.000620 
-0.000865 0.000459 0.000426 0.000620 
-0.000865 0.000458 0.000427 0.000620 
-0.000865 0.000458 0.000428 0.000620 
-0.000865 0.000457 0.000429 0.000620 
-0.000865 0.000457 0.000429 0.000620 
-0.000866 0.000456 0.000430 0.000620 
-0.000866 0.000455 0.000431 0.000619 
-0.000866 0.000455 0.000432 0.000619 
-0.000866 0.000454 0.000432 0.000619 
-0.000866 0.000454 0.000433 0.000619 
-0.000866 0.000453 0.000434 0.000619 
-0.000866 0.000453 0.000435 0.000619 
-0.000866 0.000452 0.000435 0.000619 
-0.000866 0.000452 0.000436 0.000619 
-0.000866 0.000451 0.000437 0.000618 
-0.000866 0.000451 0.000437 0.000618 
-0.000866 0.000450 0.000438 0.000618 
-0.000867 0.000450 0.000439 0.000618 
-0.000867 0.000450 0.000439 0.000618 
-0.000867 0.000449 0.000440 0.000618 
-0.000867 0.000449 0.000441 0.000618 
-0.000867 0.000448 0.000441 0.000618 
-0.000867 0.000448 0.000442 0.000618 
-0.000867 0.000447 0.000442 0.000618 
-0.000867 0.000447 0.000443 0.000618 
-0.000867 0.000446 0.000443 0.000618 
-0.000867 0.000446 0.000444 0.000618 
-0.000867 0.000446 0.000445 0.000618 
-0.000867 0.000445 0.000445 0.000617 
-0.000867 0.000445 0.000446 0.000617 
-0.000868 0.000444 0.000446 0.000617 
-0.000868 0.000444 0.000447 0.000617 
-0.000868 0.000444 0.000447 0.000617 
-0.000868 0.000443 0.000448 0.000617 
-0.000868 0.000443 0.000448 0.000617 
-0.000868 0.000442 0.000449 0.000617 
-0.000868 0.000442 0.000449 0.000617 
-0.000868 0.000442 0.000450 0.000617 
-0.000868 0.000441 0.000450 0.000617 
-0.000868 0.000441 0.000451 0.000617 
-0.000868 0.000441 0.000451 0.000617 
-0.000868 0.000440 0.000451 0.000617 
-0.000868 0.000440 0.000452 0.000617 
-0.000869 0.000440 0.000452 0.000617 
-0.000869 0.000439 0.000453 0.000617 
-0.000869 0.000439 0.000453 0.000617 
-0.000869 0.000439 0.000453 0.000617 
-0.000869 0.000438 0.000454 0.000617 
-0.000869 0.000438 0.000454 0.000617 
-0.000869 0.000438 0.000455 0.000617 
-0.000869 0.000438 0.000455 0.000617 
-0.000869 0.000437 0.000455 0.000617 
-0.000869 0.000437 0.000456 0.000617 
-0.000869 0.000437 0.000456 0.000617 
-0.000869 0.000437 0.000456 0.000617 
-0.000869 0.000436 0.000456 0.000617 
-0.000870 0.000436 0.000457 0.000617 
-0.000870 0.000436 0.000457 0.000617 
-0.000870 0.000436 0.000457 0.000617 
-0.000870 0.000435 0.000458 0.000617 
-0.000870 0.000435 0.000458 0.000617 
-0.000870 0.000435 0.000458 0.000617 
-0.000870 0.000435 0.000458 0.000617 
-0.000870 0.000434 0.000459 0.000617 
-0.000870 0.000434 0.000459 0.000617 
-0.000870 0.000434 0.000459 0.000617 
-0.000870 0.000434 0.000460 0.000617 
-0.000870 0.000433 0.000460 0.000617 
-0.000870 0.000433 0.000460 0.000617 
-0.000871 0.000433 0.000461 0.000617 
-0.000871 0.000433 0.000461 0.000617 
-0.000871 0.000432 0.000461 0.000617 
-0.000871 0.000432 0.000462 0.000617 
-0.000871 0.000432 0.000462 0.000617 
-0.000871 0.000431 0.000463 0.000617 
-0.000871 0.000431 0.000463 0.000617 
-0.000871 0.000431 0.000464 0.000617 
-0.000871 0.000430 0.000464 0.000617 
-0.000871 0.000430 0.000464 0.000617 
-0.000871 0.000430 0.000465 0.000617 
-0.000871 0.000429 0.000465 0.000617 
-0.000871 0.000429 0.000466 0.000617 
-0.000871 0.000428 0.000466 0.000617 
-0.000872 0.000428 0.000467 0.000617 
-0.000872 0.000428 0.000467 0.000617 
-0.000872 0.000427 0.000468 0.000617 
-0.000872 0.000427 0.000469 0.000617 
-0.000872 0.000427 0.000469 0.000617 
-0.000872 0.000426 0.000470 0.000616 
-0.000872 0.000426 0.000470 0.000616 
-0.000872 0.000425 0.000471 0.000616 
-0.000872 0.000425 0.000471 0.000616 
-0.000872 0.000424 0.000472 0.000616 
-0.000872 0.000424 0.000473 0.000616 
-0.000872 0.000424 0.000473 0.000616 
-0.000872 0.000423 0.000474 0.000616 
-0.000872 0.000423 0.000475 0.000616 
-0.000873 0.000422 0.000475 0.000616 
-0.000873 0.000422 0.000476 0.000615 
-0.000873 0.000421 0.000476 0.000615 
-0.000873 0.000421 0.000477 0.000615 
-0.000873 0.000420 0.000478 0.000615 
-0.000873 0.000420 0.000479 0.000615 
-0.000873 0.000419 0.000479 0.000615 
-0.000873 0.000419 0.000480 0.000614 
-0.000873 0.000418 0.000481 0.000614 
-0.000873 0.000418 0.000481 0.000614 
-0.000873 0.000417 0.000482 0.000614 
-0.000873 0.000417 0.000483 0.000614 
-0.000873 0.000416 0.000484 0.000614 
-0.000873 0.000416 0.000485 0.000613 
-0.000874 0.000415 0.000485 0.000613 
-0.000874 0.000415 0.000486 0.000613 
-0.000874 0.000414 0.000487 0.000613 
-0.000874 0.000414 0.000488 0.000613 
-0.000874 0.000413 0.000489 0.000612 
-0.000874 0.000413 0.000489 0.000612 
-0.000874 0.000412 0.000490 0.000612 
-0.000874 0.000411 0.000491 0.000612 
-0.000874 0.000411 0.000492 0.000612 
-0.000874 0.000410 0.000493 0.000611 
-0.000874 0.000410 0.000494 0.000611 
-0.000874 0.000409 0.000495 0.000611 
-0.000874 0.000409 0.000496 0.000611 
-0.000874 0.000408 0.000496 0.000610 
-0.000874 0.000407 0.000497 0.000610 
-0.000875 0.000407 0.000498 0.000610 
-0.000875 0.000406 0.000499 0.000610 
-0.000875 0.000406 0.000500 0.000609 
-0.000875 0.000405 0.000501 0.000609 
-0.000875 0.000404 0.000502 0.000609 
-0.000875 0.000404 0.000503 0.000608 
-0.000875 0.000403 0.000504 0.000608 
-0.000875 0.000402 0.000505 0.000608 
-0.000875 0.000402 0.000506 0.000608 
-0.000875 0.000401 0.000507 0.000607 
-0.000875 0.000400 0.000508 0.000607 
-0.000875 0.000400 0.000509 0.000607 
-0.000875 0.000399 0.000510 0.000606 
-0.000875 0.000398 0.000511 0.000606 
-0.000876 0.000398 0.000512 0.000606 
-0.000876 0.000397 0.000513 0.000605 
-0.000876 0.000396 0.000515 0.000605 
-0.000876 0.000396 0.000516 0.000605 
-0.000876 0.000395 0.000517 0.000604 
-0.000876 0.000394 0.000518 0.000604 
-0.000876 0.000394 0.000519 0.000604 
-0.000876 0.000393 0.000520 0.000603 
-0.000876 0.000392 0.000521 0.000603 
-0.000876 0.000392 0.000522 0.000602 
-0.000876 0.000391 0.000524 0.000602 
-0.000876 0.000390 0.000525 0.000602 
-0.000876 0.000389 0.000526 0.000601 
-0.000876 0.000389 0.000527 0.000601 
-0.000876 0.000388 0.000528 0.000601 
-0.000877 0.000387 0.000530 0.000600 
-0.000866 0.000927 0.000953 0.000040 
-0.000827 0.001456 0.001366 -0.000660 
-0.000787 0.001837 0.001665 -0.001338 
-0.000759 0.002106 0.001871 -0.001841 
-0.000740 0.002298 0.002009 -0.002191 
-0.000726 0.002436 0.002098 -0.002432 
-0.000716 0.002539 0.002152 -0.002599 
-0.000709 0.002618 0.002181 -0.002713 
-0.000703 0.002680 0.002191 -0.002792 
-0.000697 0.002730 0.002188 -0.002844 
-0.000691 0.002773 0.002175 -0.002880 
-0.000685 0.002810 0.002154 -0.002903 
-0.000679 0.002844 0.002128 -0.002917 
-0.000672 0.002876 0.002098 -0.002926 
-0.000663 0.002905 0.002065 -0.002931 
-0.000654 0.002934 0.002029 -0.002932 
-0.000644 0.002962 0.001990 -0.002932 
-0.000632 0.002990 0.001949 -0.002930 
-0.000620 0.002960 0.001863 -0.002826 
-0.000606 0.002833 0.001706 -0.002555 
-0.000592 0.002645 0.001506 -0.002182 
-0.000578 0.002425 0.001287 -0.001757 
-0.000564 0.002194 0.001066 -0.001319 
-0.000551 0.001968 0.000855 -0.000895 
-0.000539 0.001758 0.000664 -0.000506 
-0.000529 0.001569 0.000497 -0.000161 
-0.000520 0.001405 0.000357 0.000135 
-0.000513 0.001268 0.000243 0.000379 
-0.000507 0.001156 0.000154 0.000573 
-0.000502 0.001067 0.000088 0.000723 
-0.000499 0.001000 0.000042 0.000833 
-0.000496 0.000950 0.000013 0.000910 
-0.000495 0.000915 -0.000002 0.000958 
-0.000494 0.000893 -0.000006 0.000984 
-0.000494 0.000880 -0.000002 0.000993 
-0.000494 0.000874 0.000008 0.000989 
-0.000494 0.000873 0.000021 0.000977 
-0.000495 0.000876 0.000036 0.000959 
-0.000495 0.000881 0.000053 0.000938 
-0.000496 0.000887 0.000069 0.000916 
-0.000497 0.000893 0.000085 0.000895 
-0.000497 0.000900 0.000099 0.000875 
-0.000498 0.000905 0.000112 0.000857 
-0.000498 0.000910 0.000123 0.000842 
-0.000499 0.000914 0.000133 0.000829 
-0.000499 0.000916 0.000142 0.000818 
-0.000500 0.000918 0.000149 0.000809 
-0.000500 0.000919 0.000155 0.000802 
-0.000500 0.000919 0.000160 0.000797 
-0.000500 0.000919 0.000165 0.000793 
-0.000500 0.000918 0.000169 0.000791 
-0.000501 0.000916 0.000172 0.000789 
-0.000501 0.000914 0.000175 0.000788 
-0.000501 0.000912 0.000178 0.000787 
-0.000501 0.000910 0.000181 0.000787 
-0.000501 0.000907 0.000184 0.000787 
-0.000501 0.000905 0.000187 0.000786 
-0.000501 0.000902 0.000190 0.000786 
-0.000501 0.000899 0.000193 0.000786 
-0.000501 0.000897 0.000196 0.000786 
-0.000502 0.000894 0.000199 0.000785 
-0.000502 0.000891 0.000202 0.000785 
-0.000502 0.000889 0.000206 0.000784 
-0.000502 0.000886 0.000209 0.000783 
-0.000502 0.000884 0.000213 0.000782 
-0.000502 0.000881 0.000216 0.000781 
-0.000502 0.000879 0.000220 0.000780 
-0.000502 0.000876 0.000224 0.000779 
-0.000502 0.000874 0.000227 0.000778 
-0.000503 0.000871 0.000231 0.000777 
-0.000503 0.000869 0.000235 0.000776 
-0.000503 0.000866 0.000239 0.000774 
-0.000503 0.000864 0.000243 0.000773 
-0.000503 0.000861 0.000246 0.000772 
-0.000503 0.000859 0.000250 0.000771 
-0.000503 0.000856 0.000254 0.000769 
-0.000503 0.000854 0.000258 0.000768 
-0.000504 0.000851 0.000262 0.000767 
-0.000504 0.000849 0.000266 0.000766 
-0.000504 0.000847 0.000270 0.000764 
-0.000504 0.000844 0.000273 0.000763 
-0.000504 0.000841 0.000277 0.000762 
-0.000504 0.000839 0.000281 0.000761 
-0.000504 0.000836 0.000285 0.000759 
-0.000504 0.000834 0.000289 0.000758 
-0.000505 0.000831 0.000293 0.000757 
-0.000505 0.000829 0.000297 0.000755 
-0.000505 0.000826 0.000301 0.000754 
-0.000505 0.000824 0.000305 0.000753 
-0.000505 0.000821 0.000309 0.000752 
-0.000505 0.000819 0.000313 0.000750 
-0.000505 0.000816 0.000317 0.000749 
-0.000505 0.000813 0.000321 0.000748 
-0.000505 0.000811 0.000325 0.000746 
-0.000506 0.000808 0.000329 0.000745 
-0.000506 0.000806 0.000333 0.000744 
-0.000506 0.000803 0.000337 0.000743 
-0.000506 0.000800 0.000341 0.000741 
-0.000506 0.000798 0.000345 0.000740 
-0.000506 0.000795 0.000349 0.000739 
-0.000506 0.000792 0.000353 0.000737 
-0.000506 0.000790 0.000357 0.000736 
-0.000507 0.000787 0.000361 0.000735 
-0.000507 0.000784 0.000366 0.000733 
-0.000507 0.000782 0.000370 0.000732 
-0.000507 0.000779 0.000374 0.000731 
-0.000507 0.000776 0.000378 0.000729 
-0.000507 0.000774 0.000382 0.000728 
-0.000507 0.000771 0.000386 0.000727 
-0.000507 0.000768 0.000391 0.000725 
-0.000508 0.000765 0.000395 0.000724 
-0.000508 0.000763 0.000399 0.000722 
-0.000508 0.000760 0.000403 0.000721 
-0.000508 0.000757 0.000407 0.000720 
-0.000508 0.000755 0.000412 0.000718 
-0.000508 0.000752 0.000416 0.000717 
-0.000508 0.000749 0.000420 0.000716 
-0.000508 0.000746 0.000425 0.000714 
-0.000508 0.000744 0.000429 0.000713 
-0.000509 0.000741 0.000433 0.000711 
-0.000509 0.000738 0.000437 0.000710 
-0.000509 0.000735 0.000442 0.000709 
-0.000509 0.000732 0.000446 0.000707 
-0.000509 0.000730 0.000450 0.000706 
-0.000509 0.000727 0.000455 0.000704 
-0.000509 0.000724 0.000459 0.000703 
-0.000509 0.000721 0.000464 0.000701 
-0.000510 0.000718 0.000468 0.000700 
-0.000510 0.000715 0.000472 0.000698 
-0.000510 0.000713 0.000477 0.000697 
-0.000510 0.000710 0.000481 0.000696 
-0.000510 0.000707 0.000486 0.000694 
-0.000510 0.000704 0.000490 0.000693 
-0.000510 0.000701 0.000494 0.000691 
-0.000510 0.000698 0.000499 0.000690 
-0.000511 0.000695 0.000503 0.000688 
-0.000511 0.000693 0.000508 0.000687 
-0.000511 0.000690 0.000512 0.000685 
-0.000511 0.000687 0.000517 0.000684 
-0.000511 0.000684 0.000521 0.000682 
-0.000511 0.000681 0.000526 0.000681 
-0.000511 0.000678 0.000530 0.000679 
-0.000511 0.000675 0.000535 0.000678 
-0.000511 0.000672 0.000539 0.000676 
-0.000512 0.000669 0.000544 0.000675 
-0.000512 0.000666 0.000549 0.000673 
-0.000512 0.000663 0.000553 0.000672 
-0.000512 0.000661 0.000558 0.000670 
-0.000512 0.000658 0.000562 0.000669 
-0.000512 0.000655 0.000567 0.000667 
-0.000512 0.000652 0.000571 0.000666 
-0.000512 0.000649 0.000576 0.000664 
-0.000513 0.000646 0.000581 0.000663 
-0.000513 0.000643 0.000585 0.000661 
-0.000513 0.000640 0.000590 0.000660 
-0.000513 0.000637 0.000595 0.000658 
-0.000513 0.000634 0.000599 0.000656 
-0.000513 0.000631 0.000604 0.000655 
-0.000513 0.000628 0.000609 0.000653 
-0.000513 0.000625 0.000613 0.000652 
-0.000513 0.000622 0.000618 0.000650 
-0.000514 0.000619 0.000623 0.000649 
-0.000514 0.000616 0.000628 0.000647 
-0.000514 0.000613 0.000632 0.000646 
-0.000514 0.000610 0.000637 0.000644 
-0.000514 0.000606 0.000642 0.000642 
-0.000514 0.000603 0.000647 0.000641 
-0.000514 0.000600 0.000651 0.000639 
-0.000514 0.000597 0.000656 0.000638 
-0.000515 0.000594 0.000661 0.000636 
-0.000515 0.000591 0.000666 0.000634 
-0.000515 0.000588 0.000671 0.000633 
-0.000515 0.000585 0.000675 0.000631 
-0.000515 0.000582 0.000680 0.000629 
-0.000515 0.000579 0.000685 0.000628 
-0.000515 0.000576 0.000690 0.000626 
-0.000515 0.000573 0.000695 0.000625 
-0.000515 0.000569 0.000700 0.000623 
-0.000516 0.000566 0.000705 0.000621 
-0.000516 0.000563 0.000710 0.000620 
-0.000516 0.000560 0.000714 0.000618 
-0.000516 0.000557 0.000719 0.000616 
-0.000516 0.000554 0.000724 0.000615 
-0.000516 0.000551 0.000729 0.000613 
-0.000516 0.000547 0.000734 0.000611 
-0.000516 0.000544 0.000739 0.000610 
-0.000517 0.000541 0.000744 0.000608 
-0.000517 0.000538 0.000749 0.000606 
-0.000517 0.000535 0.000754 0.000605 
-0.000517 0.000532 0.000759 0.000603 
-0.000517 0.000528 0.000764 0.000601 
-0.000517 0.000525 0.000769 0.000600 
-0.000517 0.000522 0.000774 0.000598 
-0.000517 0.000519 0.000779 0.000596 
-0.000517 0.000516 0.000784 0.000595 
-0.000518 0.000512 0.000789 0.000593 
-0.000518 0.000509 0.000794 0.000591 
-0.000518 0.000506 0.000799 0.000589 
-0.000518 0.000503 0.000804 0.000588 
-0.000518 0.000499 0.000809 0.000586 
-0.000518 0.000496 0.000814 0.000584 
-0.000518 0.000493 0.000819 0.000583 
-0.000518 0.000490 0.000824 0.000581 
-0.000519 0.000487 0.000830 0.000579 
-0.000519 0.000483 0.000835 0.000577 
-0.000519 0.000480 0.000840 0.000576 
-0.000519 0.000477 0.000845 0.000574 
-0.000519 0.000473 0.000850 0.000572 
-0.000519 0.000470 0.000855 0.000570 
-0.000519 0.000467 0.000860 0.000569 
-0.000519 0.000464 0.000866 0.000567 
-0.000519 0.000460 0.000871 0.000565 
-0.000520 0.000457 0.000876 0.000563 
-0.000520 0.000454 0.000881 0.000562 
-0.000520 0.000450 0.000886 0.000560 
-0.000520 0.000447 0.000891 0.000558 
-0.000520 0.000444 0.000897 0.000556 
-0.000520 0.000440 0.000902 0.000554 
-0.000520 0.000437 0.000907 0.000553 
-0.000520 0.000434 0.000912 0.000551 
-0.000521 0.000430 0.000918 0.000549 
-0.000521 0.000427 0.000923 0.000547 
-0.000521 0.000424 0.000928 0.000545 
-0.000521 0.000420 0.000933 0.000544 
-0.000521 0.000417 0.000939 0.000542 
-0.000521 0.000414 0.000944 0.000540 
-0.000521 0.000410 0.000949 0.000538 
-0.000521 0.000407 0.000954 0.000536 
-0.000521 0.000404 0.000960 0.000535 
-0.000522 0.000400 0.000965 0.000533 
-0.000522 0.000397 0.000970 0.000531 
-0.000522 0.000394 0.000976 0.000529 
-0.000522 0.000390 0.000981 0.000527 
-0.000522 0.000387 0.000986 0.000525 
-0.000522 0.000383 0.000992 0.000524 
-0.000522 0.000380 0.000997 0.000522 
-0.000522 0.000377 0.001003 0.000520 
-0.000522 0.000373 0.001008 0.000518 
-0.000523 0.000370 0.001013 0.000516 
-0.000523 0.000366 0.001019 0.000514 
-0.000531 -0.000194 0.001580 0.000199 
-0.000563 -0.000785 0.002280 -0.000113 
-0.000594 -0.001203 0.002941 -0.000346 
-0.000615 -0.001491 0.003421 -0.000516 
-0.000630 -0.001688 0.003758 -0.000642 
-0.000639 -0.001822 0.003997 -0.000738 
-0.000643 -0.001913 0.004167 -0.000813 
-0.000645 -0.001972 0.004289 -0.000874 
-0.000644 -0.002010 0.004377 -0.000925 
-0.000641 -0.002034 0.004443 -0.000970 
-0.000636 -0.002048 0.004491 -0.001009 
-0.000629 -0.002055 0.004529 -0.001046 
-0.000621 -0.002058 0.004558 -0.001081 
-0.000612 -0.002058 0.004581 -0.001114 
-0.000601 -0.002056 0.004600 -0.001145 
-0.000589 -0.002052 0.004615 -0.001176 
-0.000576 -0.002049 0.004629 -0.001207 
-0.000561 -0.002045 0.004640 -0.001236 
-0.000546 -0.002041 0.004650 -0.001266 
-0.000529 -0.002037 0.004659 -0.001294 
-0.000512 -0.002034 0.004667 -0.001323 
-0.000493 -0.002032 0.004673 -0.001350 
-0.000474 -0.002029 0.004679 -0.001378 
-0.000454 -0.002028 0.004684 -0.001404 
-0.000432 -0.002027 0.004688 -0.001430 
-0.000410 -0.002026 0.004690 -0.001456 
-0.000387 -0.002026 0.004692 -0.001481 
-0.000364 -0.002027 0.004693 -0.001505 
-0.000339 -0.002028 0.004694 -0.001528 
-0.000314 -0.002030 0.004693 -0.001551 
-0.000288 -0.002033 0.004691 -0.001573 
-0.000261 -0.002036 0.004688 -0.001594 
-0.000234 -0.002039 0.004685 -0.001614 
-0.000206 -0.002044 0.004680 -0.001633 
-0.000177 -0.002048 0.004675 -0.001651 
-0.000148 -0.002054 0.004668 -0.001669 
-0.000118 -0.002060 0.004661 -0.001685 
-0.000088 -0.002066 0.004653 -0.001700 
-0.000058 -0.002073 0.004644 -0.001715 
-0.000027 -0.002081 0.004633 -0.001728 
0.000004 -0.002089 0.004622 -0.001740 
0.000036 -0.002098 0.004611 -0.001751 
0.000068 -0.002107 0.004598 -0.001761 
0.000100 -0.002117 0.004584 -0.001769 
0.000132 -0.002127 0.004570 -0.001777 
0.000165 -0.002138 0.004555 -0.001783 
0.000197 -0.002150 0.004539 -0.001788 
0.000230 -0.002162 0.004522 -0.001792 
0.000262 -0.002174 0.004505 -0.001795 
0.000295 -0.002187 0.004486 -0.001796 
0.000328 -0.002201 0.004468 -0.001796 
0.000360 -0.002215 0.004448 -0.001795 
0.000392 -0.002230 0.004428 -0.001793 
0.000424 -0.002245 0.004408 -0.001789 
0.000456 -0.002261 0.004387 -0.001784 
0.000488 -0.002277 0.004365 -0.001778 
0.000519 -0.002294 0.004343 -0.001770 
0.000550 -0.002312 0.004321 -0.001761 
0.000580 -0.002330 0.004298 -0.001751 
0.000611 -0.002349 0.004275 -0.001739 
0.000640 -0.002368 0.004252 -0.001726 
0.000669 -0.002388 0.004228 -0.001711 
0.000698 -0.002409 0.004204 -0.001696 
0.000726 -0.002430 0.004180 -0.001678 
0.000753 -0.002452 0.004156 -0.001659 
0.000780 -0.002474 0.004131 -0.001638 
0.000805 -0.002498 0.004106 -0.001616 
0.000831 -0.002522 0.004081 -0.001592 
0.000855 -0.002547 0.004055 -0.001565 
0.000879 -0.002573 0.004028 -0.001536 
0.000901 -0.002524 0.003901 -0.001480 
0.000923 -0.002357 0.003618 -0.001387 
0.000943 -0.002118 0.003243 -0.001271 
0.000962 -0.001841 0.002823 -0.001146 
0.000979 -0.001553 0.002393 -0.001021 
0.000993 -0.001273 0.001981 -0.000903 
0.001006 -0.001013 0.001603 -0.000798 
0.001016 -0.000782 0.001270 -0.000706 
0.001024 -0.000583 0.000986 -0.000630 
0.001031 -0.000416 0.000753 -0.000570 
0.001036 -0.000282 0.000567 -0.000523 
0.001040 -0.000177 0.000426 -0.000490 
0.001043 -0.000099 0.000322 -0.000468 
0.001045 -0.000042 0.000251 -0.000456 
0.001046 -0.000004 0.000207 -0.000451 
0.001047 0.000019 0.000184 -0.000452 
0.001047 0.000030 0.000177 -0.000456 
0.001046 0.000033 0.000182 -0.000464 
0.001046 0.000030 0.000195 -0.000473 
0.001045 0.000023 0.000213 -0.000483 
0.001045 0.000013 0.000233 -0.000493 
0.001044 0.000002 0.000254 -0.000503 
0.001043 -0.000009 0.000275 -0.000512 
0.001042 -0.000019 0.000294 -0.000519 
0.001042 -0.000028 0.000311 -0.000526 
0.001041 -0.000037 0.000325 -0.000532 
0.001040 -0.000044 0.000337 -0.000536 
0.001040 -0.000049 0.000347 -0.000540 
0.001039 -0.000053 0.000355 -0.000543 
0.001039 -0.000057 0.000361 -0.000545 
0.001038 -0.000059 0.000365 -0.000546 
0.001038 -0.000060 0.000368 -0.000547 
0.001037 -0.000061 0.000369 -0.000548 
0.001037 -0.000061 0.000370 -0.000548 
0.001036 -0.000060 0.000371 -0.000549 
0.001036 -0.000060 0.000371 -0.000549 
0.001035 -0.000059 0.000370 -0.000549 
0.001035 -0.000058 0.000370 -0.000549 
0.001035 -0.000057 0.000369 -0.000549 
0.001034 -0.000055 0.000369 -0.000550 
0.001034 -0.000054 0.000368 -0.000550 
0.001034 -0.000053 0.000368 -0.000550 
0.001033 -0.000052 0.000368 -0.000551 
0.001033 -0.000051 0.000367 -0.000551 
0.001032 -0.000050 0.000367 -0.000552 
0.001032 -0.000049 0.000367 -0.000553 
0.001032 -0.000048 0.000368 -0.000553 
0.001031 -0.000047 0.000368 -0.000554 
0.001031 -0.000046 0.000368 -0.000555 
0.001030 -0.000045 0.000368 -0.000555 
0.001030 -0.000045 0.000369 -0.000556 
0.001029 -0.000044 0.000369 -0.000557 
0.001029 -0.000043 0.000370 -0.000558 
0.001029 -0.000042 0.000370 -0.000558 
0.001028 -0.000042 0.000371 -0.000559 
0.001028 -0.000041 0.000371 -0.000560 
0.001027 -0.000040 0.000372 -0.000561 
0.001027 -0.000040 0.000372 -0.000562 
0.001026 -0.000039 0.000373 -0.000562 
0.001026 -0.000038 0.000373 -0.000563 
0.001026 -0.000037 0.000374 -0.000564 
0.001025 -0.000037 0.000374 -0.000565 
0.001025 -0.000036 0.000374 -0.000565 
0.001024 -0.000035 0.000375 -0.000566 
0.001024 -0.000035 0.000375 -0.000567 
0.001023 -0.000034 0.000376 -0.000568 
0.001023 -0.000033 0.000376 -0.000568 
0.001023 -0.000032 0.000377 -0.000569 
0.001022 -0.000032 0.000377 -0.000570 
0.001022 -0.000031 0.000378 -0.000570 
0.001021 -0.000030 0.000378 -0.000571 
0.001021 -0.000029 0.000378 -0.000572 
0.001020 -0.000029 0.000379 -0.000573 
0.001020 -0.000028 0.000379 -0.000573 
0.001020 -0.000027 0.000380 -0.000574 
0.001019 -0.000026 0.000380 -0.000575 
0.001019 -0.000026 0.000381 -0.000575 
0.001018 -0.000025 0.000381 -0.000576 
0.001018 -0.000024 0.000381 -0.000577 
0.001017 -0.000024 0.000382 -0.000578 
0.001017 -0.000023 0.000382 -0.000578 
0.001016 -0.000022 0.000383 -0.000579 
0.001016 -0.000021 0.000383 -0.000580 
0.001016 -0.000021 0.000384 -0.000581 
0.001015 -0.000020 0.000384 -0.000581 
0.001015 -0.000019 0.000384 -0.000582 
0.001014 -0.000018 0.000385 -0.000583 
0.001014 -0.000018 0.000385 -0.000583 
0.001013 -0.000017 0.000386 -0.000584 
0.001013 -0.000016 0.000386 -0.000585 
0.001012 -0.000015 0.000387 -0.000586 
0.001012 -0.000015 0.000387 -0.000586 
0.001011 -0.000014 0.000387 -0.000587 
0.001011 -0.000013 0.000388 -0.000588 
0.001010 -0.000012 0.000388 -0.000588 
0.001010 -0.000012 0.000389 -0.000589 
0.001010 -0.000011 0.000389 -0.000590 
0.001009 -0.000010 0.000390 -0.000590 
0.001009 -0.000010 0.000390 -0.000591 
0.001008 -0.000009 0.000390 -0.000592 
0.001008 -0.000008 0.000391 -0.000593 
0.001007 -0.000007 0.000391 -0.000593 
0.001007 -0.000007 0.000392 -0.000594 
0.001006 -0.000006 0.000392 -0.000595 
0.001006 -0.000005 0.000393 -0.000595 
0.001005 -0.000004 0.000393 -0.000596 
0.001005 -0.000004 0.000394 -0.000597 
0.001004 -0.000003 0.000394 -0.000598 
0.001004 -0.000002 0.000394 -0.000598 
0.001003 -0.000001 0.000395 -0.000599 
0.001003 -0.000001 0.000395 -0.000600 
0.001002 0.000000 0.000396 -0.000600 
0.001002 0.000001 0.000396 -0.000601 
0.001001 0.000002 0.000397 -0.000602 
0.001001 0.000002 0.000397 -0.000602 
0.001001 0.000003 0.000397 -0.000603 
0.001000 0.000004 0.000398 -0.000604 
0.001000 0.000005 0.000398 -0.000604 
0.000999 0.000005 0.000399 -0.000605 
0.000999 0.000006 0.000399 -0.000606 
0.000998 0.000007 0.000400 -0.000607 
0.000998 0.000008 0.000400 -0.000607 
0.000997 0.000008 0.000400 -0.000608 
0.000997 0.000009 0.000401 -0.000609 
0.000996 0.000010 0.000401 -0.000609 
0.000996 0.000010 0.000402 -0.000610 
0.000995 0.000011 0.000402 -0.000611 
0.000995 0.000012 0.000403 -0.000611 
0.000994 0.000013 0.000403 -0.000612 
0.000994 0.000013 0.000403 -0.000613 
0.000993 0.000014 0.000404 -0.000613 
0.000993 0.000015 0.000404 -0.000614 
0.000992 0.000016 0.000405 -0.000615 
0.000992 0.000016 0.000405 -0.000615 
0.000991 0.000017 0.000406 -0.000616 
0.000991 0.000018 0.000406 -0.000617 
0.000990 0.000019 0.000407 -0.000617 
0.000990 0.000019 0.000407 -0.000618 
0.000989 0.000020 0.000407 -0.000619 
0.000989 0.000021 0.000408 -0.000619 
0.000988 0.000022 0.000408 -0.000620 
0.000988 0.000022 0.000409 -0.000621 
0.000987 0.000023 0.000409 -0.000621 
0.000987 0.000024 0.000410 -0.000622 
0.000986 0.000025 0.000410 -0.000623 
0.000986 0.000025 0.000410 -0.000623 
0.000985 0.000026 0.000411 -0.000624 
0.000985 0.000027 0.000411 -0.000625 
0.000984 0.000028 0.000412 -0.000625 
0.000983 0.000028 0.000412 -0.000626 
0.000983 0.000029 0.000413 -0.000627 
0.000982 0.000030 0.000413 -0.000627 
0.000982 0.000031 0.000413 -0.000628 
0.000981 0.000031 0.000414 -0.000629 
0.000981 0.000032 0.000414 -0.000629 
0.000980 0.000033 0.000415 -0.000630 
0.000980 0.000034 0.000415 -0.000631 
0.000979 0.000034 0.000416 -0.000631 
0.000979 0.000035 0.000416 -0.000632 
0.000978 0.000036 0.000416 -0.000633 
0.000978 0.000037 0.000417 -0.000633 
0.000977 0.000037 0.000417 -0.000634 
0.000977 0.000038 0.000418 -0.000635 
0.000976 0.000039 0.000418 -0.000635 
0.000976 0.000040 0.000419 -0.000636 
0.000975 0.000040 0.000419 -0.000637 
0.000975 0.000041 0.000420 -0.000637 
0.000974 0.000042 0.000420 -0.000638 
0.000973 0.000043 0.000420 -0.000639 
0.000973 0.000043 0.000421 -0.000639 
0.000967 0.000604 -0.000124 -0.000851 
0.000948 0.001292 -0.000647 -0.001054 
0.000930 0.001816 -0.001010 -0.001197 
0.000913 0.002183 -0.001260 -0.001298 
0.000896 0.002442 -0.001429 -0.001370 
0.000877 0.002625 -0.001542 -0.001422 
0.000857 0.002757 -0.001616 -0.001460 
0.000835 0.002854 -0.001662 -0.001488 
0.000811 0.002925 -0.001689 -0.001509 
0.000786 0.002980 -0.001703 -0.001524 
0.000760 0.003023 -0.001709 -0.001536 
0.000732 0.003058 -0.001708 -0.001544 
0.000704 0.003088 -0.001704 -0.001549 
0.000674 0.003114 -0.001697 -0.001553 
0.000643 0.003138 -0.001689 -0.001554 
0.000612 0.003160 -0.001680 -0.001554 
0.000580 0.003181 -0.001672 -0.001551 
0.000547 0.003202 -0.001663 -0.001548 
0.000514 0.003222 -0.001655 -0.001543 
0.000480 0.003241 -0.001647 -0.001536 
0.000446 0.003261 -0.001641 -0.001528 
0.000412 0.003280 -0.001635 -0.001519 
0.000377 0.003299 -0.001630 -0.001508 
0.000342 0.003318 -0.001626 -0.001496 
0.000306 0.003337 -0.001622 -0.001482 
0.000271 0.003355 -0.001620 -0.001467 
0.000235 0.003373 -0.001619 -0.001451 
0.000199 0.003391 -0.001619 -0.001434 
0.000164 0.003409 -0.001620 -0.001415 
0.000128 0.003426 -0.001621 -0.001395 
0.000092 0.003443 -0.001624 -0.001373 
0.000057 0.003460 -0.001628 -0.001350 
0.000021 0.003475 -0.001632 -0.001326 
-0.000014 0.003491 -0.001637 -0.001301 
-0.000049 0.003506 -0.001644 -0.001275 
-0.000083 0.003520 -0.001651 -0.001247 
-0.000118 0.003533 -0.001659 -0.001218 
-0.000151 0.003546 -0.001668 -0.001188 
-0.000185 0.003558 -0.001678 -0.001157 
-0.000218 0.003569 -0.001688 -0.001125 
-0.000250 0.003579 -0.001699 -0.001091 
-0.000282 0.003588 -0.001711 -0.001057 
-0.000313 0.003597 -0.001724 -0.001021 
-0.000344 0.003604 -0.001738 -0.000985 
-0.000374 0.003611 -0.001752 -0.000947 
-0.000403 0.003617 -0.001767 -0.000909 
-0.000431 0.003621 -0.001783 -0.000869 
-0.000458 0.003625 -0.001799 -0.000829 
-0.000485 0.003627 -0.001816 -0.000787 
-0.000511 0.003628 -0.001834 -0.000745 
-0.000536 0.003629 -0.001852 -0.000702 
-0.000560 0.003628 -0.001872 -0.000658 
-0.000583 0.003626 -0.001891 -0.000613 
-0.000605 0.003623 -0.001912 -0.000568 
-0.000626 0.003618 -0.001933 -0.000521 
-0.000645 0.003613 -0.001956 -0.000473 
-0.000664 0.003606 -0.001979 -0.000425 
-0.000682 0.003598 -0.002003 -0.000375 
-0.000698 0.003588 -0.002028 -0.000324 
-0.000714 0.003578 -0.002055 -0.000271 
-0.000728 0.003565 -0.002083 -0.000216 
-0.000741 0.003530 -0.002095 -0.000157 
-0.000753 0.003358 -0.001981 -0.000086 
-0.000763 0.003079 -0.001770 -0.000008 
-0.000772 0.002740 -0.001501 0.000071 
-0.000779 0.002377 -0.001207 0.000147 
-0.000786 0.002017 -0.000911 0.000218 
-0.000791 0.001677 -0.000629 0.000281 
-0.000794 0.001370 -0.000371 0.000334 
-0.000797 0.001102 -0.000145 0.000379 
-0.000800 0.000877 0.000047 0.000414 
-0.000801 0.000692 0.000207 0.000441 
-0.000803 0.000547 0.000334 0.000460 
-0.000803 0.000436 0.000433 0.000473 
-0.000804 0.000355 0.000507 0.000480 
-0.000805 0.000300 0.000559 0.000484 
-0.000805 0.000265 0.000594 0.000484 
-0.000805 0.000246 0.000616 0.000482 
-0.000806 0.000239 0.000626 0.000479 
-0.000806 0.000240 0.000629 0.000475 
-0.000806 0.000247 0.000626 0.000471 
-0.000806 0.000257 0.000620 0.000467 
-0.000806 0.000269 0.000612 0.000464 
-0.000806 0.000281 0.000603 0.000461 
-0.000806 0.000292 0.000594 0.000459 
-0.000806 0.000301 0.000585 0.000458 
-0.000807 0.000308 0.000578 0.000458 
-0.000807 0.000314 0.000572 0.000459 
-0.000807 0.000317 0.000567 0.000461 
-0.000807 0.000318 0.000564 0.000463 
-0.000807 0.000318 0.000562 0.000465 
-0.000807 0.000316 0.000561 0.000468 
-0.000807 0.000313 0.000560 0.000472 
-0.000807 0.000309 0.000561 0.000475 
-0.000808 0.000304 0.000562 0.000479 
-0.000808 0.000299 0.000564 0.000483 
-0.000808 0.000293 0.000566 0.000487 
-0.000808 0.000287 0.000569 0.000491 
-0.000808 0.000280 0.000571 0.000494 
-0.000808 0.000274 0.000574 0.000498 
-0.000808 0.000268 0.000577 0.000502 
-0.000808 0.000261 0.000580 0.000506 
-0.000809 0.000255 0.000583 0.000509 
-0.000809 0.000249 0.000586 0.000513 
-0.000809 0.000242 0.000588 0.000516 
-0.000809 0.000236 0.000591 0.000520 
-0.000809 0.000230 0.000594 0.000523 
-0.000809 0.000224 0.000597 0.000526 
-0.000809 0.000219 0.000599 0.000530 
-0.000809 0.000213 0.000602 0.000533 
-0.000810 0.000207 0.000604 0.000536 
-0.000810 0.000202 0.000607 0.000540 
-0.000810 0.000196 0.000609 0.000543 
-0.000810 0.000191 0.000611 0.000546 
-0.000810 0.000185 0.000614 0.000550 
-0.000810 0.000180 0.000616 0.000553 
-0.000810 0.000174 0.000618 0.000556 
-0.000810 0.000169 0.000621 0.000559 
-0.000811 0.000163 0.000623 0.000563 
-0.000811 0.000158 0.000625 0.000566 
-0.000811 0.000152 0.000628 0.000569 
-0.000811 0.000147 0.000630 0.000572 
-0.000811 0.000141 0.000632 0.000576 
-0.000811 0.000136 0.000635 0.000579 
-0.000811 0.000130 0.000637 0.000582 
-0.000811 0.000125 0.000639 0.000586 
-0.000812 0.000119 0.000642 0.000589 
-0.000812 0.000114 0.000644 0.000592 
-0.000812 0.000108 0.000646 0.000595 
-0.000812 0.000103 0.000648 0.000599 
-0.000812 0.000098 0.000651 0.000602 
-0.000812 0.000092 0.000653 0.000605 
-0.000812 0.000087 0.000655 0.000609 
-0.000812 0.000081 0.000658 0.000612 
-0.000812 0.000076 0.000660 0.000615 
-0.000813 0.000070 0.000662 0.000618 
-0.000813 0.000065 0.000664 0.000622 
-0.000813 0.000060 0.000667 0.000625 
-0.000813 0.000054 0.000669 0.000628 
-0.000813 0.000049 0.000671 0.000632 
-0.000813 0.000043 0.000673 0.000635 
-0.000813 0.000038 0.000675 0.000638 
-0.000813 0.000033 0.000678 0.000641 
-0.000814 0.000027 0.000680 0.000645 
-0.000814 0.000022 0.000682 0.000648 
-0.000814 0.000017 0.000684 0.000651 
-0.000814 0.000011 0.000686 0.000654 
-0.000814 0.000006 0.000689 0.000658 
-0.000814 0.000001 0.000691 0.000661 
-0.000814 -0.000005 0.000693 0.000664 
-0.000814 -0.000010 0.000695 0.000667 
-0.000814 -0.000015 0.000697 0.000671 
-0.000815 -0.000021 0.000699 0.000674 
-0.000815 -0.000026 0.000702 0.000677 
-0.000815 -0.000031 0.000704 0.000680 
-0.000815 -0.000036 0.000706 0.000684 
-0.000815 -0.000042 0.000708 0.000687 
-0.000815 -0.000047 0.000710 0.000690 
-0.000815 -0.000052 0.000712 0.000693 
-0.000815 -0.000058 0.000714 0.000697 
-0.000815 -0.000063 0.000717 0.000700 
-0.000816 -0.000068 0.000719 0.000703 
-0.000816 -0.000073 0.000721 0.000706 
-0.000816 -0.000078 0.000723 0.000710 
-0.000816 -0.000084 0.000725 0.000713 
-0.000816 -0.000089 0.000727 0.000716 
-0.000816 -0.000094 0.000729 0.000719 
-0.000816 -0.000099 0.000731 0.000723 
-0.000816 -0.000104 0.000733 0.000726 
-0.000816 -0.000110 0.000735 0.000729 
-0.000816 -0.000115 0.000737 0.000732 
-0.000817 -0.000120 0.000739 0.000735 
-0.000817 -0.000125 0.000741 0.000739 
-0.000817 -0.000130 0.000743 0.000742 
-0.000817 -0.000135 0.000745 0.000745 
-0.000817 -0.000141 0.000748 0.000748 
-0.000817 -0.000146 0.000750 0.000752 
-0.000817 -0.000151 0.000752 0.000755 
-0.000817 -0.000156 0.000754 0.000758 
-0.000817 -0.000161 0.000756 0.000761 
-0.000818 -0.000166 0.000758 0.000764 
-0.000818 -0.000171 0.000760 0.000768 
-0.000818 -0.000176 0.000762 0.000771 
-0.000818 -0.000181 0.000763 0.000774 
-0.000818 -0.000186 0.000765 0.000777 
-0.000818 -0.000191 0.000767 0.000780 
-0.000818 -0.000197 0.000769 0.000784 
-0.000818 -0.000202 0.000771 0.000787 
-0.000818 -0.000207 0.000773 0.000790 
-0.000818 -0.000212 0.000775 0.000793 
-0.000819 -0.000217 0.000777 0.000796 
-0.000819 -0.000222 0.000779 0.000800 
-0.000819 -0.000227 0.000781 0.000803 
-0.000819 -0.000232 0.000783 0.000806 
-0.000819 -0.000237 0.000785 0.000809 
-0.000819 -0.000242 0.000787 0.000812 
-0.000819 -0.000247 0.000789 0.000815 
-0.000819 -0.000252 0.000791 0.000819 
-0.000819 -0.000256 0.000792 0.000822 
-0.000819 -0.000261 0.000794 0.000825 
-0.000820 -0.000266 0.000796 0.000828 
-0.000820 -0.000271 0.000798 0.000831 
-0.000820 -0.000276 0.000800 0.000834 
-0.000820 -0.000281 0.000802 0.000838 
-0.000820 -0.000286 0.000804 0.000841 
-0.000820 -0.000291 0.000805 0.000844 
-0.000820 -0.000296 0.000807 0.000847 
-0.000820 -0.000301 0.000809 0.000850 
-0.000820 -0.000306 0.000811 0.000853 
-0.000820 -0.000310 0.000813 0.000856 
-0.000821 -0.000315 0.000815 0.000860 
-0.000821 -0.000320 0.000816 0.000863 
-0.000821 -0.000325 0.000818 0.000866 
-0.000821 -0.000330 0.000820 0.000869 
-0.000821 -0.000335 0.000822 0.000872 
-0.000821 -0.000339 0.000823 0.000875 
-0.000821 -0.000344 0.000825 0.000878 
-0.000821 -0.000349 0.000827 0.000882 
-0.000821 -0.000354 0.000829 0.000885 
-0.000821 -0.000359 0.000831 0.000888 
-0.000821 -0.000363 0.000832 0.000891 
-0.000822 -0.000368 0.000834 0.000894 
-0.000822 -0.000373 0.000836 0.000897 
-0.000822 -0.000378 0.000837 0.000900 
-0.000822 -0.000382 0.000839 0.000903 
-0.000822 -0.000387 0.000841 0.000906 
-0.000822 -0.000392 0.000843 0.000910 
-0.000822 -0.000397 0.000844 0.000913 
-0.000822 -0.000401 0.000846 0.000916 
-0.000822 -0.000406 0.000848 0.000919 
-0.000822 -0.000411 0.000849 0.000922 
-0.000822 -0.000415 0.000851 0.000925 
-0.000823 -0.000420 0.000853 0.000928 
-0.000823 -0.000425 0.000854 0.000931 
-0.000823 -0.000429 0.000856 0.000934 
-0.000823 -0.000434 0.000858 0.000937 
-0.000823 -0.000439 0.000859 0.000940 
-0.000823 -0.000443 0.000861 0.000944 
-0.000823 -0.000448 0.000863 0.000947 
-0.000823 -0.000452 0.000864 0.000950 
-0.000821 -0.000375 0.000305 0.001510 
-0.000811 -0.000301 -0.000395 0.002210 
-0.000795 -0.000248 -0.001090 0.002883 
-0.000777 -0.000218 -0.001632 0.003376 
-0.000757 -0.000205 -0.002009 0.003721 
-0.000734 -0.000207 -0.002272 0.003963 
-0.000709 -0.000219 -0.002455 0.004133 
-0.000680 -0.000239 -0.002583 0.004252 
-0.000649 -0.000264 -0.002674 0.004336 
-0.000615 -0.000293 -0.002738 0.004395 
-0.000579 -0.000324 -0.002784 0.004437 
-0.000541 -0.000356 -0.002818 0.004465 
-0.000501 -0.000389 -0.002845 0.004485 
-0.000460 -0.000422 -0.002865 0.004497 
-0.000417 -0.000455 -0.002883 0.004504 
-0.000373 -0.000487 -0.002898 0.004507 
-0.000327 -0.000518 -0.002912 0.004507 
-0.000281 -0.000547 -0.002925 0.004503 
-0.000233 -0.000576 -0.002939 0.004498 
-0.000185 -0.000603 -0.002952 0.004490 
-0.000136 -0.000628 -0.002966 0.004481 
-0.000087 -0.000652 -0.002981 0.004469 
-0.000037 -0.000674 -0.002996 0.004456 
0.000014 -0.000694 -0.003012 0.004441 
0.000065 -0.000711 -0.003028 0.004425 
0.000116 -0.000727 -0.003046 0.004406 
0.000168 -0.000745 -0.003019 0.004347 
0.000219 -0.000782 -0.002814 0.004127 
0.000270 -0.000833 -0.002482 0.003795 
0.000319 -0.000891 -0.002080 0.003402 
0.000364 -0.000951 -0.001651 0.002988 
0.000405 -0.001011 -0.001226 0.002581 
0.000442 -0.001067 -0.000827 0.002201 
0.000474 -0.001118 -0.000467 0.001861 
0.000501 -0.001163 -0.000154 0.001567 
0.000523 -0.001202 0.000109 0.001320 
0.000541 -0.001236 0.000323 0.001121 
0.000554 -0.001263 0.000493 0.000966 
0.000565 -0.001286 0.000621 0.000850 
0.000572 -0.001304 0.000715 0.000767 
0.000577 -0.001318 0.000779 0.000712 
0.000580 -0.001329 0.000819 0.000680 
0.000581 -0.001337 0.000841 0.000664 
0.000581 -0.001343 0.000850 0.000662 
0.000581 -0.001348 0.000848 0.000669 
0.000580 -0.001352 0.000840 0.000682 
0.000578 -0.001355 0.000829 0.000698 
0.000577 -0.001357 0.000815 0.000715 
0.000575 -0.001359 0.000801 0.000733 
0.000573 -0.001361 0.000789 0.000749 
0.000572 -0.001363 0.000777 0.000763 
0.000571 -0.001365 0.000768 0.000776 
0.000570 -0.001367 0.000761 0.000786 
0.000569 -0.001369 0.000756 0.000794 
0.000568 -0.001372 0.000754 0.000799 
0.000568 -0.001374 0.000753 0.000803 
0.000567 -0.001377 0.000754 0.000806 
0.000567 -0.001380 0.000756 0.000807 
0.000567 -0.001383 0.000759 0.000806 
0.000567 -0.001386 0.000763 0.000805 
0.000567 -0.001389 0.000768 0.000804 
0.000567 -0.001392 0.000774 0.000802 
0.000567 -0.001395 0.000779 0.000799 
0.000567 -0.001398 0.000785 0.000797 
0.000567 -0.001402 0.000791 0.000794 
0.000567 -0.001405 0.000797 0.000791 
0.000567 -0.001409 0.000803 0.000788 
0.000567 -0.001412 0.000809 0.000786 
0.000567 -0.001415 0.000815 0.000783 
0.000567 -0.001419 0.000821 0.000781 
0.000567 -0.001422 0.000827 0.000779 
0.000567 -0.001425 0.000832 0.000776 
0.000567 -0.001429 0.000838 0.000774 
0.000567 -0.001432 0.000843 0.000772 
0.000567 -0.001435 0.000849 0.000770 
0.000566 -0.001439 0.000854 0.000768 
0.000566 -0.001442 0.000859 0.000766 
0.000566 -0.001445 0.000865 0.000764 
0.000566 -0.001449 0.000870 0.000762 
0.000566 -0.001452 0.000875 0.000761 
0.000566 -0.001455 0.000880 0.000759 
0.000566 -0.001459 0.000885 0.000757 
0.000566 -0.001462 0.000891 0.000755 
0.000566 -0.001465 0.000896 0.000753 
0.000566 -0.001468 0.000901 0.000751 
0.000566 -0.001472 0.000906 0.000749 
0.000566 -0.001475 0.000912 0.000747 
0.000566 -0.001478 0.000917 0.000745 
0.000566 -0.001481 0.000922 0.000743 
0.000566 -0.001485 0.000927 0.000741 
0.000566 -0.001488 0.000933 0.000739 
0.000566 -0.001491 0.000938 0.000737 
0.000566 -0.001494 0.000943 0.000736 
0.000566 -0.001498 0.000948 0.000734 
0.000565 -0.001501 0.000954 0.000732 
0.000565 -0.001504 0.000959 0.000730 
0.000565 -0.001507 0.000964 0.000728 
0.000565 -0.001510 0.000969 0.000726 
0.000565 -0.001514 0.000975 0.000723 
0.000565 -0.001517 0.000980 0.000721 
0.000565 -0.001520 0.000985 0.000719 
0.000565 -0.001523 0.000990 0.000717 
0.000565 -0.001526 0.000996 0.000715 
0.000565 -0.001529 0.001001 0.000713 
0.000565 -0.001533 0.001006 0.000711 
0.000565 -0.001536 0.001012 0.000709 
0.000565 -0.001539 0.001017 0.000707 
0.000565 -0.001542 0.001022 0.000705 
0.000565 -0.001545 0.001027 0.000703 
0.000565 -0.001548 0.001033 0.000701 
0.000565 -0.001552 0.001038 0.000699 
0.000565 -0.001555 0.001043 0.000697 
0.000565 -0.001558 0.001048 0.000695 
0.000565 -0.001561 0.001054 0.000692 
0.000565 -0.001564 0.001059 0.000690 
0.000565 -0.001567 0.001064 0.000688 
0.000564 -0.001570 0.001070 0.000686 
0.000564 -0.001573 0.001075 0.000684 
0.000564 -0.001577 0.001080 0.000682 
0.000564 -0.001580 0.001085 0.000680 
0.000564 -0.001583 0.001091 0.000678 
0.000564 -0.001586 0.001096 0.000675 
0.000564 -0.001589 0.001101 0.000673 
0.000564 -0.001592 0.001107 0.000671 
0.000564 -0.001595 0.001112 0.000669 
0.000564 -0.001598 0.001117 0.000667 
0.000564 -0.001601 0.001122 0.000665 
0.000564 -0.001604 0.001128 0.000662 
0.000564 -0.001607 0.001133 0.000660 
0.000564 -0.001610 0.001138 0.000658 
0.000564 -0.001613 0.001144 0.000656 
0.000564 -0.001616 0.001149 0.000654 
0.000564 -0.001619 0.001154 0.000651 
0.000564 -0.001622 0.001159 0.000649 
0.000564 -0.001625 0.001165 0.000647 
0.000564 -0.001628 0.001170 0.000645 
0.000564 -0.001631 0.001175 0.000642 
0.000564 -0.001634 0.001181 0.000640 
0.000564 -0.001637 0.001186 0.000638 
0.000564 -0.001640 0.001191 0.000636 
0.000563 -0.001643 0.001196 0.000633 
0.000563 -0.001646 0.001202 0.000631 
0.000563 -0.001649 0.001207 0.000629 
0.000563 -0.001652 0.001212 0.000627 
0.000563 -0.001655 0.001218 0.000624 
0.000563 -0.001658 0.001223 0.000622 
0.000563 -0.001661 0.001228 0.000620 
0.000563 -0.001664 0.001234 0.000617 
0.000563 -0.001667 0.001239 0.000615 
0.000563 -0.001670 0.001244 0.000613 
0.000563 -0.001673 0.001249 0.000610 
0.000563 -0.001676 0.001255 0.000608 
0.000563 -0.001679 0.001260 0.000606 
0.000563 -0.001682 0.001265 0.000603 
0.000563 -0.001685 0.001271 0.000601 
0.000563 -0.001688 0.001276 0.000599 
0.000563 -0.001690 0.001281 0.000596 
0.000563 -0.001693 0.001286 0.000594 
0.000563 -0.001696 0.001292 0.000592 
0.000563 -0.001699 0.001297 0.000589 
0.000563 -0.001702 0.001302 0.000587 
0.000563 -0.001705 0.001308 0.000584 
0.000563 -0.001708 0.001313 0.000582 
0.000563 -0.001711 0.001318 0.000580 
0.000563 -0.001713 0.001323 0.000577 
0.000563 -0.001716 0.001329 0.000575 
0.000562 -0.001719 0.001334 0.000572 
0.000562 -0.001722 0.001339 0.000570 
0.000562 -0.001725 0.001345 0.000568 
0.000562 -0.001728 0.001350 0.000565 
0.000562 -0.001730 0.001355 0.000563 
0.000562 -0.001733 0.001361 0.000560 
0.000562 -0.001736 0.001366 0.000558 
0.000562 -0.001739 0.001371 0.000555 
0.000562 -0.001742 0.001376 0.000553 
0.000562 -0.001744 0.001382 0.000551 
0.000562 -0.001747 0.001387 0.000548 
0.000562 -0.001750 0.001392 0.000546 
0.000562 -0.001753 0.001398 0.000543 
0.000562 -0.001756 0.001403 0.000541 
0.000562 -0.001758 0.001408 0.000538 
0.000562 -0.001761 0.001413 0.000536 
0.000562 -0.001764 0.001419 0.000533 
0.000562 -0.001767 0.001424 0.000531 
0.000562 -0.001769 0.001429 0.000528 
0.000562 -0.001772 0.001435 0.000526 
0.000562 -0.001775 0.001440 0.000523 
0.000562 -0.001778 0.001445 0.000521 
0.000562 -0.001780 0.001450 0.000518 
0.000562 -0.001783 0.001456 0.000515 
0.000562 -0.001786 0.001461 0.000513 
0.000562 -0.001788 0.001466 0.000510 
0.000562 -0.001791 0.001472 0.000508 
0.000562 -0.001794 0.001477 0.000505 
0.000562 -0.001796 0.001482 0.000503 
0.000561 -0.001799 0.001487 0.000500 
0.000561 -0.001802 0.001493 0.000497 
0.000561 -0.001804 0.001498 0.000495 
0.000561 -0.001807 0.001503 0.000492 
0.000561 -0.001810 0.001508 0.000490 
0.000561 -0.001812 0.001514 0.000487 
0.000561 -0.001815 0.001519 0.000485 
0.000561 -0.001818 0.001524 0.000482 
0.000561 -0.001820 0.001530 0.000479 
0.000561 -0.001823 0.001535 0.000477 
0.000561 -0.001825 0.001540 0.000474 
0.000561 -0.001828 0.001545 0.000471 
0.000561 -0.001831 0.001551 0.000469 
0.000561 -0.001833 0.001556 0.000466 
0.000561 -0.001836 0.001561 0.000463 
0.000561 -0.001838 0.001566 0.000461 
0.000561 -0.001841 0.001572 0.000458 
0.000561 -0.001844 0.001577 0.000455 
0.000561 -0.001846 0.001582 0.000453 
0.000561 -0.001849 0.001588 0.000450 
0.000561 -0.001851 0.001593 0.000447 
0.000561 -0.001854 0.001598 0.000445 
0.000561 -0.001856 0.001603 0.000442 
0.000561 -0.001859 0.001609 0.000439 
0.000561 -0.001861 0.001614 0.000437 
0.000561 -0.001864 0.001619 0.000434 
0.000561 -0.001866 0.001624 0.000431 
0.000561 -0.001869 0.001630 0.000429 
0.000561 -0.001871 0.001635 0.000426 
0.000561 -0.001874 0.001640 0.000423 
0.000561 -0.001876 0.001645 0.000420 
0.000561 -0.001879 0.001651 0.000418 
0.000561 -0.001881 0.001656 0.000415 
0.000560 -0.001884 0.001661 0.000412 
0.000560 -0.001886 0.001666 0.000409 
0.000560 -0.001889 0.001672 0.000407 
0.000560 -0.001891 0.001677 0.000404 
0.000560 -0.001894 0.001682 0.000401 
0.000560 -0.001896 0.001687 0.000398 
0.000560 -0.001898 0.001693 0.000395 
0.000560 -0.001901 0.001698 0.000393 
0.000560 -0.001903 0.001703 0.000390 
0.000560 -0.001906 0.001708 0.000387 
0.000560 -0.001908 0.001713 0.000384 
0.000560 -0.001911 0.001719 0.000381 
0.000556 -0.002049 0.002280 -0.000179 
0.000538 -0.002185 0.002980 -0.000879 
0.000508 -0.002288 0.003679 -0.001529 
0.000474 -0.002358 0.004246 -0.001991 
0.000436 -0.002402 0.004647 -0.002311 
0.000393 -0.002426 0.004934 -0.002531 
0.000346 -0.002436 0.005143 -0.002682 
0.000294 -0.002435 0.005296 -0.002785 
0.000239 -0.002425 0.005411 -0.002855 
0.000180 -0.002407 0.005500 -0.002902 
0.000118 -0.002384 0.005570 -0.002934 
0.000055 -0.002355 0.005627 -0.002957 
-0.000010 -0.002322 0.005675 -0.002973 
-0.000076 -0.002285 0.005716 -0.002985 
-0.000142 -0.002245 0.005751 -0.002994 
-0.000209 -0.002201 0.005783 -0.003002 
-0.000276 -0.002155 0.005811 -0.003010 
-0.000343 -0.002105 0.005837 -0.003018 
-0.000409 -0.002054 0.005860 -0.003027 
-0.000475 -0.002000 0.005882 -0.003036 
-0.000541 -0.001943 0.005901 -0.003046 
-0.000605 -0.001885 0.005918 -0.003057 
-0.000669 -0.001824 0.005934 -0.003069 
-0.000733 -0.001762 0.005947 -0.003083 
-0.000795 -0.001697 0.005959 -0.003097 
-0.000856 -0.001631 0.005969 -0.003112 
-0.000916 -0.001563 0.005977 -0.003128 
-0.000974 -0.001493 0.005983 -0.003146 
-0.001032 -0.001421 0.005988 -0.003164 
-0.001088 -0.001349 0.005990 -0.003183 
-0.001142 -0.001274 0.005990 -0.003203 
-0.001195 -0.001198 0.005989 -0.003225 
-0.001247 -0.001121 0.005985 -0.003247 
-0.001297 -0.001043 0.005980 -0.003270 
-0.001345 -0.000963 0.005972 -0.003293 
-0.001391 -0.000882 0.005962 -0.003318 
-0.001436 -0.000801 0.005951 -0.003344 
-0.001479 -0.000718 0.005937 -0.003370 
-0.001519 -0.000634 0.005921 -0.003397 
-0.001558 -0.000549 0.005903 -0.003425 
-0.001595 -0.000464 0.005883 -0.003454 
-0.001630 -0.000377 0.005862 -0.003484 
-0.001663 -0.000290 0.005837 -0.003514 
-0.001694 -0.000202 0.005811 -0.003545 
-0.001722 -0.000113 0.005783 -0.003577 
-0.001749 -0.000023 0.005753 -0.003610 
-0.001773 0.000068 0.005720 -0.003644 
-0.001795 0.000159 0.005685 -0.003678 
-0.001815 0.000252 0.005648 -0.003714 
-0.001833 0.000346 0.005608 -0.003751 
-0.001848 0.000442 0.005565 -0.003788 
-0.001862 0.000540 0.005520 -0.003827 
-0.001873 0.000641 0.005470 -0.003868 
-0.001882 0.000746 0.005414 -0.003907 
-0.001889 0.000843 0.005228 -0.003811 
-0.001893 0.000927 0.004897 -0.003560 
-0.001896 0.000999 0.004481 -0.003214 
-0.001897 0.001060 0.004028 -0.002821 
-0.001897 0.001110 0.003573 -0.002416 
-0.001895 0.001149 0.003141 -0.002024 
-0.001894 0.001178 0.002748 -0.001662 
-0.001892 0.001198 0.002404 -0.001340 
-0.001890 0.001210 0.002113 -0.001063 
-0.001889 0.001214 0.001876 -0.000831 
-0.001888 0.001213 0.001688 -0.000642 
-0.001888 0.001207 0.001546 -0.000494 
-0.001888 0.001197 0.001443 -0.000382 
-0.001888 0.001184 0.001374 -0.000299 
-0.001889 0.001170 0.001332 -0.000243 
-0.001890 0.001155 0.001312 -0.000206 
-0.001891 0.001140 0.001307 -0.000186 
-0.001892 0.001126 0.001314 -0.000177 
-0.001894 0.001113 0.001328 -0.000177 
-0.001895 0.001101 0.001347 -0.000183 
-0.001896 0.001091 0.001368 -0.000192 
-0.001897 0.001082 0.001388 -0.000203 
-0.001897 0.001075 0.001408 -0.000215 
-0.001898 0.001069 0.001426 -0.000226 
-0.001899 0.001064 0.001440 -0.000236 
-0.001899 0.001061 0.001453 -0.000244 
-0.001899 0.001059 0.001462 -0.000251 
-0.001899 0.001057 0.001469 -0.000256 
-0.001900 0.001057 0.001473 -0.000260 
-0.001900 0.001057 0.001476 -0.000262 
-0.001900 0.001057 0.001476 -0.000262 
-0.001900 0.001057 0.001475 -0.000262 
-0.001900 0.001058 0.001473 -0.000261 
-0.001900 0.001059 0.001470 -0.000258 
-0.001900 0.001059 0.001467 -0.000256 
-0.001900 0.001060 0.001463 -0.000252 
-0.001900 0.001060 0.001458 -0.000249 
-0.001900 0.001061 0.001454 -0.000245 
-0.001900 0.001061 0.001450 -0.000241 
-0.001899 0.001062 0.001445 -0.000237 
-0.001899 0.001062 0.001441 -0.000233 
-0.001899 0.001062 0.001437 -0.000228 
-0.001899 0.001062 0.001433 -0.000224 
-0.001899 0.001062 0.001429 -0.000220 
-0.001899 0.001061 0.001425 -0.000216 
-0.001900 0.001061 0.001421 -0.000212 
-0.001900 0.001061 0.001418 -0.000209 
-0.001900 0.001061 0.001414 -0.000205 
-0.001900 0.001060 0.001411 -0.000201 
-0.001900 0.001060 0.001408 -0.000197 
-0.001900 0.001060 0.001404 -0.000194 
-0.001900 0.001059 0.001401 -0.000190 
-0.001900 0.001059 0.001398 -0.000187 
-0.001900 0.001059 0.001395 -0.000183 
-0.001900 0.001058 0.001392 -0.000180 
-0.001900 0.001058 0.001388 -0.000176 
-0.001900 0.001058 0.001385 -0.000173 
-0.001900 0.001058 0.001382 -0.000169 
-0.001900 0.001057 0.001379 -0.000166 
-0.001900 0.001057 0.001376 -0.000162 
-0.001900 0.001057 0.001373 -0.000159 
-0.001900 0.001057 0.001369 -0.000155 
-0.001900 0.001056 0.001366 -0.000152 
-0.001900 0.001056 0.001363 -0.000148 
-0.001900 0.001056 0.001360 -0.000145 
-0.001900 0.001056 0.001356 -0.000141 
-0.001900 0.001056 0.001353 -0.000138 
-0.001900 0.001055 0.001350 -0.000135 
-0.001900 0.001055 0.001347 -0.000131 
-0.001900 0.001055 0.001343 -0.000128 
-0.001900 0.001055 0.001340 -0.000124 
-0.001900 0.001055 0.001337 -0.000121 
-0.001900 0.001054 0.001334 -0.000117 
-0.001900 0.001054 0.001330 -0.000114 
-0.001900 0.001054 0.001327 -0.000111 
-0.001900 0.001054 0.001324 -0.000107 
-0.001900 0.001054 0.001321 -0.000104 
-0.001900 0.001054 0.001317 -0.000100 
-0.001900 0.001054 0.001314 -0.000097 
-0.001900 0.001053 0.001311 -0.000094 
-0.001900 0.001053 0.001308 -0.000090 
-0.001900 0.001053 0.001304 -0.000087 
-0.001900 0.001053 0.001301 -0.000083 
-0.001900 0.001053 0.001298 -0.000080 
-0.001900 0.001053 0.001295 -0.000077 
-0.001900 0.001053 0.001292 -0.000073 
-0.001900 0.001053 0.001288 -0.000070 
-0.001900 0.001053 0.001285 -0.000067 
-0.001900 0.001053 0.001282 -0.000063 
-0.001900 0.001052 0.001279 -0.000060 
-0.001901 0.001052 0.001275 -0.000056 
-0.001901 0.001052 0.001272 -0.000053 
-0.001901 0.001052 0.001269 -0.000050 
-0.001901 0.001052 0.001266 -0.000046 
-0.001901 0.001052 0.001262 -0.000043 
-0.001901 0.001052 0.001259 -0.000040 
-0.001901 0.001052 0.001256 -0.000037 
-0.001901 0.001052 0.001253 -0.000033 
-0.001901 0.001052 0.001249 -0.000030 
-0.001901 0.001052 0.001246 -0.000027 
-0.001901 0.001052 0.001243 -0.000023 
-0.001901 0.001052 0.001239 -0.000020 
-0.001901 0.001052 0.001236 -0.000017 
-0.001901 0.001052 0.001233 -0.000013 
-0.001901 0.001052 0.001230 -0.000010 
-0.001901 0.001052 0.001226 -0.000007 
-0.001901 0.001052 0.001223 -0.000004 
-0.001901 0.001052 0.001220 -0.000000 
-0.001901 0.001052 0.001217 0.000003 
-0.001901 0.001052 0.001213 0.000006 
-0.001901 0.001052 0.001210 0.000009 
-0.001901 0.001052 0.001207 0.000013 
-0.001901 0.001052 0.001204 0.000016 
-0.001901 0.001052 0.001200 0.000019 
-0.001901 0.001052 0.001197 0.000022 
-0.001901 0.001052 0.001194 0.000025 
-0.001901 0.001052 0.001191 0.000029 
-0.001901 0.001052 0.001187 0.000032 
-0.001901 0.001052 0.001184 0.000035 
-0.001901 0.001052 0.001181 0.000038 
-0.001901 0.001052 0.001178 0.000042 
-0.001901 0.001052 0.001174 0.000045 
-0.001901 0.001052 0.001171 0.000048 
-0.001901 0.001053 0.001168 0.000051 
-0.001901 0.001053 0.001165 0.000054 
-0.001901 0.001053 0.001161 0.000057 
-0.001901 0.001053 0.001158 0.000061 
-0.001901 0.001053 0.001155 0.000064 
-0.001901 0.001053 0.001152 0.000067 
-0.001901 0.001053 0.001148 0.000070 
-0.001901 0.001053 0.001145 0.000073 
-0.001901 0.001053 0.001142 0.000076 
-0.001901 0.001053 0.001139 0.000080 
-0.001901 0.001054 0.001135 0.000083 
-0.001901 0.001054 0.001132 0.000086 
-0.001901 0.001054 0.001129 0.000089 
-0.001901 0.001054 0.001126 0.000092 
-0.001901 0.001054 0.001122 0.000095 
-0.001901 0.001054 0.001119 0.000098 
-0.001901 0.001054 0.001116 0.000101 
-0.001901 0.001055 0.001113 0.000105 
-0.001901 0.001055 0.001109 0.000108 
-0.001901 0.001055 0.001106 0.000111 
-0.001901 0.001055 0.001103 0.000114 
-0.001901 0.001055 0.001100 0.000117 
-0.001901 0.001055 0.001096 0.000120 
-0.001901 0.001056 0.001093 0.000123 
-0.001901 0.001056 0.001090 0.000126 
-0.001901 0.001056 0.001087 0.000129 
-0.001901 0.001056 0.001083 0.000132 
-0.001901 0.001056 0.001080 0.000135 
-0.001901 0.001057 0.001077 0.000138 
-0.001901 0.001057 0.001074 0.000141 
-0.001901 0.001057 0.001070 0.000144 
-0.001901 0.001057 0.001067 0.000147 
-0.001901 0.001057 0.001064 0.000151 
-0.001901 0.001058 0.001061 0.000154 
-0.001901 0.001058 0.001057 0.000157 
-0.001901 0.001058 0.001054 0.000160 
-0.001901 0.001058 0.001051 0.000163 
-0.001901 0.001059 0.001048 0.000166 
-0.001901 0.001059 0.001044 0.000169 
-0.001901 0.001059 0.001041 0.000172 
-0.001901 0.001059 0.001038 0.000175 
-0.001901 0.001060 0.001035 0.000178 
-0.001901 0.001060 0.001031 0.000181 
-0.001901 0.001060 0.001028 0.000184 
-0.001901 0.001060 0.001025 0.000187 
-0.001901 0.001061 0.001022 0.000190 
-0.001901 0.001061 0.001018 0.000193 
-0.001901 0.001061 0.001015 0.000196 
-0.001901 0.001062 0.001012 0.000198 
-0.001901 0.001062 0.001009 0.000201 
-0.001901 0.001062 0.001005 0.000204 
-0.001901 0.001062 0.001002 0.000207 
-0.001901 0.001063 0.000999 0.000210 
-0.001901 0.001063 0.000996 0.000213 
-0.001901 0.001063 0.000992 0.000216 
-0.001901 0.001064 0.000989 0.000219 
-0.001901 0.001064 0.000986 0.000222 
-0.001901 0.001064 0.000983 0.000225 
-0.001901 0.001065 0.000979 0.000228 
-0.001901 0.001065 0.000976 0.000231 
-0.001901 0.001065 0.000973 0.000234 
-0.001901 0.001066 0.000970 0.000237 
-0.001901 0.001066 0.000966 0.000239 
-0.001903 0.000981 0.001526 -0.000320 
-0.001912 0.000900 0.002226 -0.001020 
-0.001922 0.000845 0.002918 -0.001692 
-0.001928 0.000815 0.003451 -0.002189 
-0.001929 0.000807 0.003814 -0.002543 
-0.001925 0.000814 0.004058 -0.002799 
-0.001917 0.000834 0.004220 -0.002988 
-0.001905 0.000861 0.004324 -0.003132 
-0.001889 0.000895 0.004387 -0.003244 
-0.001870 0.000932 0.004422 -0.003335 
-0.001849 0.000971 0.004437 -0.003411 
-0.001824 0.001011 0.004439 -0.003477 
-0.001796 0.001051 0.004431 -0.003537 
-0.001766 0.001091 0.004416 -0.003592 
-0.001733 0.001129 0.004397 -0.003645 
-0.001698 0.001166 0.004376 -0.003695 
-0.001660 0.001202 0.004352 -0.003744 
-0.001620 0.001235 0.004326 -0.003792 
-0.001578 0.001266 0.004300 -0.003839 
-0.001534 0.001295 0.004273 -0.003885 
-0.001488 0.001321 0.004245 -0.003931 
-0.001439 0.001346 0.004218 -0.003975 
-0.001389 0.001367 0.004190 -0.004019 
-0.001337 0.001386 0.004162 -0.004062 
-0.001284 0.001403 0.004134 -0.004104 
-0.001228 0.001417 0.004106 -0.004146 
-0.001171 0.001428 0.004078 -0.004186 
-0.001113 0.001436 0.004051 -0.004226 
-0.001053 0.001442 0.004024 -0.004264 
-0.000991 0.001445 0.003997 -0.004302 
-0.000929 0.001445 0.003971 -0.004338 
-0.000865 0.001442 0.003945 -0.004374 
-0.000800 0.001437 0.003920 -0.004408 
-0.000734 0.001428 0.003895 -0.004441 
-0.000667 0.001417 0.003871 -0.004472 
-0.000600 0.001403 0.003848 -0.004503 
-0.000531 0.001387 0.003825 -0.004532 
-0.000462 0.001367 0.003803 -0.004559 
-0.000392 0.001345 0.003781 -0.004585 
-0.000322 0.001319 0.003761 -0.004609 
-0.000251 0.001291 0.003741 -0.004632 
-0.000180 0.001260 0.003722 -0.004653 
-0.000109 0.001227 0.003703 -0.004673 
-0.000037 0.001190 0.003686 -0.004690 
0.000034 0.001151 0.003670 -0.004706 
0.000106 0.001108 0.003654 -0.004720 
0.000177 0.001063 0.003640 -0.004732 
0.000249 0.001015 0.003626 -0.004741 
0.000319 0.000964 0.003614 -0.004749 
0.000390 0.000911 0.003602 -0.004754 
0.000460 0.000854 0.003591 -0.004756 
0.000529 0.000793 0.003582 -0.004756 
0.000598 0.000730 0.003574 -0.004753 
0.000666 0.000662 0.003566 -0.004746 
0.000734 0.000591 0.003560 -0.004736 
0.000800 0.000518 0.003539 -0.004708 
0.000866 0.000483 0.003349 -0.004548 
0.000929 0.000482 0.003013 -0.004276 
0.000989 0.000504 0.002594 -0.003938 
0.001045 0.000541 0.002137 -0.003575 
0.001096 0.000586 0.001680 -0.003213 
0.001140 0.000633 0.001247 -0.002872 
0.001179 0.000681 0.000854 -0.002566 
0.001212 0.000726 0.000510 -0.002300 
0.001239 0.000768 0.000219 -0.002077 
0.001260 0.000806 -0.000019 -0.001898 
0.001277 0.000838 -0.000208 -0.001759 
0.001290 0.000867 -0.000352 -0.001656 
0.001299 0.000890 -0.000457 -0.001584 
0.001306 0.000910 -0.000529 -0.001538 
0.001310 0.000926 -0.000574 -0.001513 
0.001312 0.000939 -0.000598 -0.001505 
0.001313 0.000950 -0.000606 -0.001508 
0.001313 0.000957 -0.000603 -0.001519 
0.001313 0.000963 -0.000591 -0.001536 
0.001312 0.000968 -0.000574 -0.001556 
0.001310 0.000971 -0.000555 -0.001577 
0.001309 0.000972 -0.000535 -0.001597 
0.001307 0.000973 -0.000516 -0.001616 
0.001306 0.000974 -0.000498 -0.001634 
0.001305 0.000974 -0.000482 -0.001649 
0.001304 0.000973 -0.000467 -0.001661 
0.001303 0.000973 -0.000456 -0.001672 
0.001302 0.000972 -0.000446 -0.001680 
0.001302 0.000971 -0.000438 -0.001686 
0.001302 0.000971 -0.000432 -0.001691 
0.001301 0.000970 -0.000428 -0.001695 
0.001301 0.000969 -0.000425 -0.001697 
0.001301 0.000969 -0.000423 -0.001698 
0.001301 0.000968 -0.000421 -0.001699 
0.001301 0.000968 -0.000421 -0.001700 
0.001301 0.000968 -0.000420 -0.001700 
0.001301 0.000968 -0.000420 -0.001700 
0.001301 0.000968 -0.000420 -0.001700 
0.001301 0.000968 -0.000421 -0.001700 
0.001302 0.000968 -0.000421 -0.001700 
0.001302 0.000968 -0.000421 -0.001700 
0.001302 0.000968 -0.000421 -0.001701 
0.001302 0.000969 -0.000421 -0.001701 
0.001302 0.000969 -0.000421 -0.001702 
0.001302 0.000970 -0.000421 -0.001702 
0.001302 0.000970 -0.000421 -0.001703 
0.001302 0.000971 -0.000420 -0.001704 
0.001302 0.000971 -0.000420 -0.001705 
0.001302 0.000972 -0.000419 -0.001706 
0.001302 0.000972 -0.000419 -0.001707 
0.001303 0.000973 -0.000418 -0.001708 
0.001303 0.000973 -0.000418 -0.001709 
0.001303 0.000974 -0.000417 -0.001710 
0.001303 0.000974 -0.000417 -0.001712 
0.001303 0.000975 -0.000416 -0.001713 
0.001303 0.000975 -0.000415 -0.001714 
0.001303 0.000976 -0.000415 -0.001715 
0.001303 0.000976 -0.000414 -0.001716 
0.001303 0.000977 -0.000413 -0.001718 
0.001303 0.000977 -0.000413 -0.001719 
0.001303 0.000978 -0.000412 -0.001720 
0.001303 0.000978 -0.000412 -0.001721 
0.001303 0.000979 -0.000411 -0.001723 
0.001303 0.000980 -0.000410 -0.001724 
0.001303 0.000980 -0.000410 -0.001725 
0.001303 0.000981 -0.000409 -0.001726 
0.001303 0.000981 -0.000408 -0.001728 
0.001303 0.000982 -0.000408 -0.001729 
0.001304 0.000983 -0.000407 -0.001730 
0.001304 0.000983 -0.000407 -0.001731 
0.001304 0.000984 -0.000406 -0.001733 
0.001304 0.000984 -0.000406 -0.001734 
0.001304 0.000985 -0.000405 -0.001735 
0.001304 0.000986 -0.000404 -0.001736 
0.001304 0.000986 -0.000404 -0.001738 
0.001304 0.000987 -0.000403 -0.001739 
0.001304 0.000988 -0.000403 -0.001740 
0.001304 0.000988 -0.000402 -0.001742 
0.001304 0.000989 -0.000401 -0.001743 
0.001304 0.000990 -0.000401 -0.001744 
0.001304 0.000990 -0.000400 -0.001746 
0.001304 0.000991 -0.000400 -0.001747 
0.001304 0.000992 -0.000399 -0.001748 
0.001304 0.000993 -0.000398 -0.001750 
0.001304 0.000993 -0.000398 -0.001751 
0.001305 0.000994 -0.000397 -0.001753 
0.001305 0.000995 -0.000397 -0.001754 
0.001305 0.000995 -0.000396 -0.001755 
0.001305 0.000996 -0.000395 -0.001757 
0.001305 0.000997 -0.000395 -0.001758 
0.001305 0.000998 -0.000394 -0.001760 
0.001305 0.000999 -0.000394 -0.001761 
0.001305 0.000999 -0.000393 -0.001763 
0.001305 0.001000 -0.000392 -0.001764 
0.001305 0.001001 -0.000392 -0.001765 
0.001305 0.001002 -0.000391 -0.001767 
0.001305 0.001003 -0.000391 -0.001768 
0.001305 0.001003 -0.000390 -0.001770 
0.001305 0.001004 -0.000389 -0.001771 
0.001305 0.001005 -0.000389 -0.001773 
0.001305 0.001006 -0.000388 -0.001774 
0.001305 0.001007 -0.000388 -0.001776 
0.001306 0.001008 -0.000387 -0.001777 
0.001306 0.001009 -0.000387 -0.001779 
0.001306 0.001009 -0.000386 -0.001780 
0.001306 0.001010 -0.000385 -0.001782 
0.001306 0.001011 -0.000385 -0.001783 
0.001306 0.001012 -0.000384 -0.001785 
0.001306 0.001013 -0.000384 -0.001787 
0.001306 0.001014 -0.000383 -0.001788 
0.001306 0.001015 -0.000382 -0.001790 
0.001306 0.001016 -0.000382 -0.001791 
0.001306 0.001017 -0.000381 -0.001793 
0.001306 0.001018 -0.000381 -0.001795 
0.001306 0.001019 -0.000380 -0.001796 
0.001306 0.001020 -0.000379 -0.001798 
0.001306 0.001021 -0.000379 -0.001799 
0.001306 0.001022 -0.000378 -0.001801 
0.001306 0.001023 -0.000378 -0.001803 
0.001307 0.001024 -0.000377 -0.001804 
0.001307 0.001025 -0.000377 -0.001806 
0.001307 0.001026 -0.000376 -0.001808 
0.001307 0.001027 -0.000375 -0.001809 
0.001307 0.001028 -0.000375 -0.001811 
0.001307 0.001029 -0.000374 -0.001813 
0.001307 0.001030 -0.000374 -0.001814 
0.001307 0.001031 -0.000373 -0.001816 
0.001307 0.001032 -0.000372 -0.001818 
0.001307 0.001033 -0.000372 -0.001819 
0.001307 0.001034 -0.000371 -0.001821 
0.001307 0.001035 -0.000371 -0.001823 
0.001307 0.001036 -0.000370 -0.001824 
0.001307 0.001037 -0.000369 -0.001826 
0.001307 0.001038 -0.000369 -0.001828 
0.001307 0.001039 -0.000368 -0.001830 
0.001307 0.001040 -0.000368 -0.001831 
0.001308 0.001041 -0.000367 -0.001833 
0.001308 0.001043 -0.000367 -0.001835 
0.001308 0.001044 -0.000366 -0.001837 
0.001308 0.001045 -0.000365 -0.001838 
0.001308 0.001046 -0.000365 -0.001840 
0.001308 0.001047 -0.000364 -0.001842 
0.001308 0.001048 -0.000364 -0.001844 
0.001308 0.001049 -0.000363 -0.001846 
0.001308 0.001051 -0.000362 -0.001848 
0.001308 0.001052 -0.000362 -0.001849 
0.001308 0.001053 -0.000361 -0.001851 
0.001308 0.001054 -0.000361 -0.001853 
0.001308 0.001055 -0.000360 -0.001855 
0.001308 0.001057 -0.000360 -0.001857 
0.001308 0.001058 -0.000359 -0.001859 
0.001308 0.001059 -0.000358 -0.001860 
0.001309 0.001060 -0.000358 -0.001862 
0.001309 0.001061 -0.000357 -0.001864 
0.001309 0.001063 -0.000357 -0.001866 
0.001309 0.001064 -0.000356 -0.001868 
0.001309 0.001065 -0.000355 -0.001870 
0.001309 0.001066 -0.000355 -0.001872 
0.001309 0.001068 -0.000354 -0.001874 
0.001309 0.001069 -0.000354 -0.001876 
0.001309 0.001070 -0.000353 -0.001877 
0.001309 0.001072 -0.000353 -0.001879 
0.001309 0.001073 -0.000352 -0.001881 
0.001309 0.001074 -0.000351 -0.001883 
0.001309 0.001075 -0.000351 -0.001885 
0.001309 0.001077 -0.000350 -0.001887 
0.001309 0.001078 -0.000350 -0.001889 
0.001309 0.001079 -0.000349 -0.001891 
0.001310 0.001081 -0.000348 -0.001893 
0.001310 0.001082 -0.000348 -0.001895 
0.001310 0.001083 -0.000347 -0.001897 
0.001310 0.001085 -0.000347 -0.001899 
0.001310 0.001086 -0.000346 -0.001901 
0.001310 0.001088 -0.000346 -0.001903 
0.001310 0.001089 -0.000345 -0.001905 
0.001310 0.001090 -0.000344 -0.001907 
0.001310 0.001092 -0.000344 -0.001909 
0.001310 0.001093 -0.000343 -0.001911 
0.001310 0.001095 -0.000343 -0.001913 
0.001310 0.001096 -0.000342 -0.001915 
0.001310 0.001097 -0.000342 -0.001917 
0.001310 0.001099 -0.000341 -0.001919 
0.001310 0.001100 -0.000340 -0.001922 
0.001310 0.001102 -0.000340 -0.001924 
0.001318 0.001406 -0.000900 -0.001364 
0.001348 0.001710 -0.001600 -0.000680 
0.001379 0.001948 -0.002297 -0.000158 
0.001392 0.002127 -0.002851 0.000204 
0.001387 0.002265 -0.003234 0.000453 
0.001368 0.002375 -0.003496 0.000624 
0.001337 0.002466 -0.003675 0.000743 
0.001296 0.002544 -0.003796 0.000827 
0.001248 0.002613 -0.003877 0.000888 
0.001193 0.002676 -0.003930 0.000933 
0.001133 0.002733 -0.003964 0.000969 
0.001069 0.002786 -0.003983 0.001000 
0.001002 0.002835 -0.003994 0.001028 
0.000933 0.002881 -0.003997 0.001054 
0.000861 0.002925 -0.003996 0.001082 
0.000787 0.002966 -0.003992 0.001110 
0.000712 0.003004 -0.003985 0.001140 
0.000636 0.003039 -0.003976 0.001173 
0.000558 0.003072 -0.003966 0.001207 
0.000480 0.003102 -0.003955 0.001244 
0.000402 0.003129 -0.003944 0.001284 
0.000323 0.003153 -0.003931 0.001326 
0.000243 0.003174 -0.003918 0.001371 
0.000164 0.003192 -0.003904 0.001419 
0.000084 0.003207 -0.003889 0.001470 
0.000004 0.003218 -0.003874 0.001523 
-0.000075 0.003225 -0.003858 0.001580 
-0.000154 0.003228 -0.003841 0.001639 
-0.000233 0.003227 -0.003824 0.001701 
-0.000312 0.003220 -0.003805 0.001767 
-0.000389 0.003188 -0.003689 0.001761 
-0.000466 0.003115 -0.003394 0.001616 
-0.000540 0.003018 -0.002990 0.001384 
-0.000609 0.002909 -0.002532 0.001103 
-0.000673 0.002798 -0.002059 0.000805 
-0.000730 0.002693 -0.001603 0.000511 
-0.000781 0.002599 -0.001183 0.000236 
-0.000823 0.002517 -0.000811 -0.000012 
-0.000859 0.002450 -0.000493 -0.000226 
-0.000888 0.002397 -0.000231 -0.000407 
-0.000911 0.002357 -0.000021 -0.000553 
-0.000928 0.002330 0.000139 -0.000669 
-0.000941 0.002312 0.000257 -0.000757 
-0.000950 0.002304 0.000338 -0.000820 
-0.000956 0.002302 0.000388 -0.000863 
-0.000959 0.002306 0.000415 -0.000890 
-0.000961 0.002313 0.000423 -0.000904 
-0.000961 0.002323 0.000417 -0.000908 
-0.000960 0.002334 0.000402 -0.000905 
-0.000958 0.002346 0.000381 -0.000897 
-0.000956 0.002357 0.000357 -0.000887 
-0.000954 0.002368 0.000332 -0.000874 
-0.000952 0.002378 0.000307 -0.000861 
-0.000950 0.002387 0.000283 -0.000849 
-0.000948 0.002395 0.000261 -0.000837 
-0.000947 0.002402 0.000242 -0.000826 
-0.000945 0.002407 0.000225 -0.000816 
-0.000944 0.002412 0.000211 -0.000808 
-0.000943 0.002416 0.000199 -0.000801 
-0.000943 0.002419 0.000189 -0.000795 
-0.000942 0.002422 0.000181 -0.000790 
-0.000942 0.002424 0.000174 -0.000785 
-0.000941 0.002426 0.000168 -0.000782 
-0.000941 0.002428 0.000164 -0.000779 
-0.000941 0.002430 0.000160 -0.000777 
-0.000941 0.002431 0.000156 -0.000775 
-0.000941 0.002433 0.000153 -0.000774 
-0.000941 0.002434 0.000150 -0.000772 
-0.000941 0.002436 0.000147 -0.000771 
-0.000941 0.002438 0.000144 -0.000769 
-0.000941 0.002439 0.000141 -0.000768 
-0.000941 0.002441 0.000138 -0.000767 
-0.000941 0.002443 0.000135 -0.000766 
-0.000941 0.002445 0.000131 -0.000764 
-0.000941 0.002447 0.000128 -0.000763 
-0.000941 0.002449 0.000124 -0.000762 
-0.000941 0.002451 0.000121 -0.000760 
-0.000940 0.002453 0.000117 -0.000759 
-0.000940 0.002456 0.000113 -0.000757 
-0.000940 0.002458 0.000110 -0.000756 
-0.000940 0.002460 0.000106 -0.000754 
-0.000940 0.002462 0.000102 -0.000753 
-0.000940 0.002464 0.000098 -0.000751 
-0.000940 0.002467 0.000094 -0.000750 
-0.000940 0.002469 0.000090 -0.000748 
-0.000940 0.002471 0.000086 -0.000746 
-0.000939 0.002473 0.000082 -0.000745 
-0.000939 0.002476 0.000078 -0.000743 
-0.000939 0.002478 0.000074 -0.000742 
-0.000939 0.002480 0.000070 -0.000740 
-0.000939 0.002482 0.000067 -0.000739 
-0.000939 0.002485 0.000063 -0.000737 
-0.000939 0.002487 0.000059 -0.000736 
-0.000939 0.002489 0.000055 -0.000734 
-0.000939 0.002491 0.000051 -0.000732 
-0.000938 0.002494 0.000047 -0.000731 
-0.000938 0.002496 0.000043 -0.000729 
-0.000938 0.002498 0.000039 -0.000728 
-0.000938 0.002500 0.000035 -0.000726 
-0.000938 0.002503 0.000031 -0.000725 
-0.000938 0.002505 0.000028 -0.000723 
-0.000938 0.002507 0.000024 -0.000722 
-0.000938 0.002509 0.000020 -0.000720 
-0.000937 0.002512 0.000016 -0.000719 
-0.000937 0.002514 0.000012 -0.000717 
-0.000937 0.002516 0.000008 -0.000716 
-0.000937 0.002519 0.000004 -0.000715 
-0.000937 0.002521 0.000000 -0.000713 
-0.000937 0.002523 -0.000003 -0.000712 
-0.000937 0.002525 -0.000007 -0.000710 
-0.000937 0.002528 -0.000011 -0.000709 
-0.000937 0.002530 -0.000015 -0.000707 
-0.000936 0.002532 -0.000019 -0.000706 
-0.000936 0.002535 -0.000023 -0.000704 
-0.000936 0.002537 -0.000027 -0.000703 
-0.000936 0.002539 -0.000030 -0.000702 
-0.000936 0.002542 -0.000034 -0.000700 
-0.000936 0.002544 -0.000038 -0.000699 
-0.000936 0.002546 -0.000042 -0.000697 
-0.000936 0.002549 -0.000046 -0.000696 
-0.000935 0.002551 -0.000050 -0.000694 
-0.000935 0.002553 -0.000054 -0.000693 
-0.000935 0.002556 -0.000057 -0.000692 
-0.000935 0.002558 -0.000061 -0.000690 
-0.000935 0.002560 -0.000065 -0.000689 
-0.000935 0.002563 -0.000069 -0.000688 
-0.000935 0.002565 -0.000073 -0.000686 
-0.000935 0.002567 -0.000077 -0.000685 
-0.000934 0.002570 -0.000080 -0.000683 
-0.000934 0.002572 -0.000084 -0.000682 
-0.000934 0.002574 -0.000088 -0.000681 
-0.000934 0.002577 -0.000092 -0.000679 
-0.000934 0.002579 -0.000096 -0.000678 
-0.000934 0.002581 -0.000100 -0.000677 
-0.000934 0.002584 -0.000103 -0.000675 
-0.000934 0.002586 -0.000107 -0.000674 
-0.000934 0.002589 -0.000111 -0.000673 
-0.000933 0.002591 -0.000115 -0.000671 
-0.000933 0.002593 -0.000119 -0.000670 
-0.000933 0.002596 -0.000123 -0.000669 
-0.000933 0.002598 -0.000126 -0.000668 
-0.000933 0.002601 -0.000130 -0.000666 
-0.000933 0.002603 -0.000134 -0.000665 
-0.000933 0.002605 -0.000138 -0.000664 
-0.000933 0.002608 -0.000142 -0.000662 
-0.000932 0.002610 -0.000145 -0.000661 
-0.000932 0.002613 -0.000149 -0.000660 
-0.000932 0.002615 -0.000153 -0.000659 
-0.000932 0.002617 -0.000157 -0.000657 
-0.000932 0.002620 -0.000161 -0.000656 
-0.000932 0.002622 -0.000165 -0.000655 
-0.000932 0.002625 -0.000168 -0.000653 
-0.000932 0.002627 -0.000172 -0.000652 
-0.000931 0.002630 -0.000176 -0.000651 
-0.000931 0.002632 -0.000180 -0.000650 
-0.000931 0.002634 -0.000184 -0.000649 
-0.000931 0.002637 -0.000187 -0.000647 
-0.000931 0.002639 -0.000191 -0.000646 
-0.000931 0.002642 -0.000195 -0.000645 
-0.000931 0.002644 -0.000199 -0.000644 
-0.000931 0.002647 -0.000202 -0.000642 
-0.000930 0.002649 -0.000206 -0.000641 
-0.000930 0.002652 -0.000210 -0.000640 
-0.000930 0.002654 -0.000214 -0.000639 
-0.000930 0.002657 -0.000218 -0.000638 
-0.000930 0.002659 -0.000221 -0.000636 
-0.000930 0.002662 -0.000225 -0.000635 
-0.000930 0.002664 -0.000229 -0.000634 
-0.000930 0.002666 -0.000233 -0.000633 
-0.000929 0.002669 -0.000236 -0.000632 
-0.000929 0.002671 -0.000240 -0.000631 
-0.000929 0.002674 -0.000244 -0.000629 
-0.000929 0.002676 -0.000248 -0.000628 
-0.000929 0.002679 -0.000252 -0.000627 
-0.000929 0.002681 -0.000255 -0.000626 
-0.000929 0.002684 -0.000259 -0.000625 
-0.000928 0.002686 -0.000263 -0.000624 
-0.000928 0.002689 -0.000267 -0.000623 
-0.000928 0.002691 -0.000270 -0.000622 
-0.000928 0.002694 -0.000274 -0.000620 
-0.000928 0.002696 -0.000278 -0.000619 
-0.000928 0.002699 -0.000282 -0.000618 
-0.000928 0.002701 -0.000285 -0.000617 
-0.000928 0.002704 -0.000289 -0.000616 
-0.000927 0.002707 -0.000293 -0.000615 
-0.000927 0.002709 -0.000297 -0.000614 
-0.000927 0.002712 -0.000300 -0.000613 
-0.000927 0.002714 -0.000304 -0.000612 
-0.000927 0.002717 -0.000308 -0.000611 
-0.000927 0.002719 -0.000312 -0.000610 
-0.000927 0.002722 -0.000315 -0.000608 
-0.000927 0.002724 -0.000319 -0.000607 
-0.000926 0.002727 -0.000323 -0.000606 
-0.000926 0.002729 -0.000326 -0.000605 
-0.000926 0.002732 -0.000330 -0.000604 
-0.000926 0.002734 -0.000334 -0.000603 
-0.000926 0.002737 -0.000338 -0.000602 
-0.000926 0.002740 -0.000341 -0.000601 
-0.000926 0.002742 -0.000345 -0.000600 
-0.000925 0.002745 -0.000349 -0.000599 
-0.000925 0.002747 -0.000353 -0.000598 
-0.000925 0.002750 -0.000356 -0.000597 
-0.000925 0.002752 -0.000360 -0.000596 
-0.000925 0.002755 -0.000364 -0.000595 
-0.000925 0.002758 -0.000367 -0.000594 
-0.000925 0.002760 -0.000371 -0.000593 
-0.000925 0.002763 -0.000375 -0.000592 
-0.000924 0.002765 -0.000379 -0.000591 
-0.000924 0.002768 -0.000382 -0.000590 
-0.000924 0.002771 -0.000386 -0.000589 
-0.000924 0.002773 -0.000390 -0.000588 
-0.000924 0.002776 -0.000393 -0.000587 
-0.000924 0.002778 -0.000397 -0.000586 
-0.000924 0.002781 -0.000401 -0.000585 
-0.000924 0.002784 -0.000404 -0.000584 
-0.000923 0.002786 -0.000408 -0.000583 
-0.000923 0.002789 -0.000412 -0.000583 
-0.000923 0.002791 -0.000415 -0.000582 
-0.000923 0.002794 -0.000419 -0.000581 
-0.000923 0.002797 -0.000423 -0.000580 
-0.000923 0.002799 -0.000426 -0.000579 
-0.000923 0.002802 -0.000430 -0.000578 
-0.000922 0.002805 -0.000434 -0.000577 
-0.000922 0.002807 -0.000437 -0.000576 
-0.000922 0.002810 -0.000441 -0.000575 
-0.000922 0.002812 -0.000445 -0.000574 
-0.000922 0.002815 -0.000448 -0.000573 
-0.000922 0.002818 -0.000452 -0.000573 
-0.000922 0.002820 -0.000456 -0.000572 
-0.000921 0.002823 -0.000459 -0.000571 
-0.000921 0.002826 -0.000463 -0.000570 
-0.000921 0.002828 -0.000467 -0.000569 
-0.000921 0.002831 -0.000470 -0.000568 
-0.000921 0.002834 -0.000474 -0.000567 
-0.000921 0.002836 -0.000478 -0.000566 
-0.000921 0.002839 -0.000481 -0.000566 
-0.000921 0.002842 -0.000485 -0.000565 
-0.000920 0.002844 -0.000489 -0.000564 
-0.000920 0.002847 -0.000492 -0.000563 
-0.000920 0.002850 -0.000496 -0.000562 
-0.000924 0.002676 0.000063 -0.001122 
-0.000939 0.002506 0.000763 -0.001822 
-0.000952 0.002379 0.001459 -0.002458 
-0.000949 0.002290 0.002002 -0.002916 
-0.000930 0.002230 0.002372 -0.003244 
-0.000896 0.002188 0.002620 -0.003484 
-0.000851 0.002158 0.002784 -0.003664 
-0.000795 0.002134 0.002890 -0.003802 
-0.000731 0.002114 0.002955 -0.003911 
-0.000660 0.002095 0.002992 -0.003999 
-0.000584 0.002075 0.003010 -0.004073 
-0.000504 0.002053 0.003016 -0.004137 
-0.000420 0.002029 0.003012 -0.004193 
-0.000334 0.002001 0.003003 -0.004243 
-0.000246 0.001971 0.002991 -0.004288 
-0.000156 0.001937 0.002976 -0.004329 
-0.000065 0.001899 0.002960 -0.004366 
0.000026 0.001858 0.002944 -0.004401 
0.000119 0.001813 0.002928 -0.004432 
0.000212 0.001764 0.002911 -0.004460 
0.000305 0.001712 0.002896 -0.004485 
0.000398 0.001655 0.002881 -0.004507 
0.000492 0.001595 0.002867 -0.004526 
0.000584 0.001530 0.002854 -0.004541 
0.000677 0.001462 0.002841 -0.004553 
0.000769 0.001389 0.002830 -0.004560 
0.000860 0.001312 0.002819 -0.004563 
0.000950 0.001229 0.002809 -0.004561 
0.001040 0.001147 0.002779 -0.004538 
0.001128 0.001109 0.002576 -0.004385 
0.001214 0.001111 0.002230 -0.004128 
0.001296 0.001140 0.001803 -0.003811 
0.001371 0.001185 0.001342 -0.003471 
0.001440 0.001240 0.000883 -0.003134 
0.001500 0.001297 0.000449 -0.002819 
0.001553 0.001355 0.000056 -0.002536 
0.001597 0.001411 -0.000287 -0.002292 
0.001633 0.001462 -0.000577 -0.002090 
0.001662 0.001508 -0.000814 -0.001928 
0.001684 0.001549 -0.001002 -0.001804 
0.001701 0.001585 -0.001145 -0.001714 
0.001713 0.001616 -0.001249 -0.001653 
0.001722 0.001643 -0.001321 -0.001616 
0.001727 0.001665 -0.001366 -0.001598 
0.001729 0.001683 -0.001390 -0.001595 
0.001730 0.001698 -0.001399 -0.001602 
0.001730 0.001711 -0.001396 -0.001617 
0.001728 0.001721 -0.001385 -0.001637 
0.001726 0.001729 -0.001369 -0.001659 
0.001724 0.001735 -0.001351 -0.001682 
0.001722 0.001741 -0.001331 -0.001704 
0.001720 0.001745 -0.001313 -0.001724 
0.001718 0.001748 -0.001295 -0.001743 
0.001716 0.001751 -0.001280 -0.001760 
0.001715 0.001753 -0.001267 -0.001774 
0.001714 0.001755 -0.001255 -0.001786 
0.001713 0.001757 -0.001246 -0.001796 
0.001712 0.001759 -0.001239 -0.001804 
0.001711 0.001761 -0.001234 -0.001811 
0.001711 0.001763 -0.001230 -0.001817 
0.001711 0.001765 -0.001227 -0.001821 
0.001711 0.001767 -0.001225 -0.001825 
0.001711 0.001769 -0.001224 -0.001828 
0.001711 0.001771 -0.001224 -0.001831 
0.001711 0.001774 -0.001224 -0.001834 
0.001711 0.001776 -0.001224 -0.001836 
0.001712 0.001779 -0.001225 -0.001838 
0.001712 0.001782 -0.001225 -0.001841 
0.001712 0.001785 -0.001226 -0.001843 
0.001712 0.001788 -0.001226 -0.001846 
0.001712 0.001791 -0.001227 -0.001849 
0.001712 0.001794 -0.001227 -0.001852 
0.001713 0.001797 -0.001228 -0.001855 
0.001713 0.001800 -0.001228 -0.001858 
0.001713 0.001804 -0.001228 -0.001861 
0.001713 0.001807 -0.001228 -0.001864 
0.001713 0.001810 -0.001228 -0.001868 
0.001713 0.001813 -0.001228 -0.001871 
0.001713 0.001817 -0.001228 -0.001874 
0.001713 0.001820 -0.001228 -0.001878 
0.001714 0.001823 -0.001228 -0.001881 
0.001714 0.001826 -0.001228 -0.001885 
0.001714 0.001830 -0.001227 -0.001888 
0.001714 0.001833 -0.001227 -0.001892 
0.001714 0.001836 -0.001227 -0.001895 
0.001714 0.001839 -0.001227 -0.001899 
0.001714 0.001842 -0.001227 -0.001902 
0.001714 0.001846 -0.001226 -0.001906 
0.001714 0.001849 -0.001226 -0.001909 
0.001714 0.001852 -0.001226 -0.001913 
0.001714 0.001855 -0.001226 -0.001916 
0.001714 0.001859 -0.001226 -0.001920 
0.001715 0.001862 -0.001225 -0.001923 
0.001715 0.001865 -0.001225 -0.001927 
0.001715 0.001868 -0.001225 -0.001930 
0.001715 0.001871 -0.001225 -0.001934 
0.001715 0.001875 -0.001225 -0.001937 
0.001715 0.001878 -0.001224 -0.001941 
0.001715 0.001881 -0.001224 -0.001944 
0.001715 0.001884 -0.001224 -0.001948 
0.001715 0.001888 -0.001224 -0.001951 
0.001715 0.001891 -0.001224 -0.001955 
0.001715 0.001894 -0.001223 -0.001959 
0.001716 0.001897 -0.001223 -0.001962 
0.001716 0.001901 -0.001223 -0.001966 
0.001716 0.001904 -0.001223 -0.001969 
0.001716 0.001907 -0.001223 -0.001973 
0.001716 0.001910 -0.001223 -0.001976 
0.001716 0.001914 -0.001222 -0.001980 
0.001716 0.001917 -0.001222 -0.001983 
0.001716 0.001920 -0.001222 -0.001987 
0.001716 0.001923 -0.001222 -0.001990 
0.001716 0.001927 -0.001222 -0.001994 
0.001716 0.001930 -0.001221 -0.001997 
0.001717 0.001933 -0.001221 -0.002001 
0.001717 0.001936 -0.001221 -0.002004 
0.001717 0.001940 -0.001221 -0.002008 
0.001717 0.001943 -0.001221 -0.002012 
0.001717 0.001946 -0.001220 -0.002015 
0.001717 0.001949 -0.001220 -0.002019 
0.001717 0.001953 -0.001220 -0.002022 
0.001717 0.001956 -0.001220 -0.002026 
0.001717 0.001959 -0.001220 -0.002029 
0.001717 0.001963 -0.001220 -0.002033 
0.001717 0.001966 -0.001219 -0.002036 
0.001718 0.001969 -0.001219 -0.002040 
0.001718 0.001972 -0.001219 -0.002044 
0.001718 0.001976 -0.001219 -0.002047 
0.001718 0.001979 -0.001219 -0.002051 
0.001718 0.001982 -0.001218 -0.002054 
0.001718 0.001986 -0.001218 -0.002058 
0.001718 0.001989 -0.001218 -0.002061 
0.001718 0.001992 -0.001218 -0.002065 
0.001718 0.001995 -0.001218 -0.002069 
0.001718 0.001999 -0.001218 -0.002072 
0.001718 0.002002 -0.001217 -0.002076 
0.001719 0.002005 -0.001217 -0.002079 
0.001719 0.002009 -0.001217 -0.002083 
0.001719 0.002012 -0.001217 -0.002087 
0.001719 0.002015 -0.001217 -0.002090 
0.001719 0.002019 -0.001216 -0.002094 
0.001719 0.002022 -0.001216 -0.002097 
0.001719 0.002025 -0.001216 -0.002101 
0.001719 0.002029 -0.001216 -0.002104 
0.001719 0.002032 -0.001216 -0.002108 
0.001719 0.002035 -0.001216 -0.002112 
0.001720 0.002039 -0.001215 -0.002115 
0.001720 0.002042 -0.001215 -0.002119 
0.001720 0.002045 -0.001215 -0.002122 
0.001720 0.002049 -0.001215 -0.002126 
0.001720 0.002052 -0.001215 -0.002130 
0.001720 0.002055 -0.001214 -0.002133 
0.001720 0.002059 -0.001214 -0.002137 
0.001720 0.002062 -0.001214 -0.002141 
0.001720 0.002065 -0.001214 -0.002144 
0.001720 0.002069 -0.001214 -0.002148 
0.001720 0.002072 -0.001213 -0.002151 
0.001721 0.002075 -0.001213 -0.002155 
0.001721 0.002079 -0.001213 -0.002159 
0.001721 0.002082 -0.001213 -0.002162 
0.001721 0.002085 -0.001213 -0.002166 
0.001721 0.002089 -0.001213 -0.002170 
0.001721 0.002092 -0.001212 -0.002173 
0.001721 0.002095 -0.001212 -0.002177 
0.001721 0.002099 -0.001212 -0.002180 
0.001721 0.002102 -0.001212 -0.002184 
0.001721 0.002105 -0.001212 -0.002188 
0.001722 0.002109 -0.001211 -0.002191 
0.001722 0.002112 -0.001211 -0.002195 
0.001722 0.002115 -0.001211 -0.002199 
0.001722 0.002119 -0.001211 -0.002202 
0.001722 0.002122 -0.001211 -0.002206 
0.001722 0.002125 -0.001210 -0.002209 
0.001722 0.002129 -0.001210 -0.002213 
0.001722 0.002132 -0.001210 -0.002217 
0.001722 0.002136 -0.001210 -0.002220 
0.001722 0.002139 -0.001210 -0.002224 
0.001722 0.002142 -0.001210 -0.002228 
0.001723 0.002146 -0.001209 -0.002231 
0.001723 0.002149 -0.001209 -0.002235 
