7.691041538259e-006
3.760433054053e-002
1.274112236823e-001
2.385949591536e-001
3.373438214991e-001
4.160852208858e-001
4.755412992608e-001
5.189659796397e-001
5.499572784383e-001
5.716661217029e-001
5.865996444889e-001
5.966556536041e-001
6.032296217578e-001
6.073293874213e-001
6.096744978229e-001
6.107748208339e-001
6.109898565917e-001
6.105722515761e-001
6.096991668994e-001
6.084946319831e-001
6.070453487299e-001
6.054117998898e-001
6.036364157370e-001
6.017493564326e-001
5.997710925108e-001
5.977149102823e-001
5.955887195418e-001
5.933961892543e-001
5.911373569718e-001
5.888087798378e-001
5.864032100740e-001
5.839086776351e-001
5.813066733209e-001
5.785687509473e-001
5.746351492767e-001
5.318979499273e-001
4.517054670096e-001
3.584400733385e-001
2.693857128957e-001
1.942905603219e-001
1.367940466834e-001
9.643074018216e-002
7.049675942834e-002
5.546917829754e-002
4.791925387849e-002
4.499069445801e-002
4.456291553132e-002
4.521968849251e-002
4.612072912228e-002
4.684395388094e-002
4.723855130661e-002
4.730771951205e-002
4.712570769222e-002
4.678574121482e-002
4.637190666296e-002
4.594749296333e-002
4.555328077851e-002
4.521088666389e-002
4.492791090148e-002
4.470300767348e-002
4.452999333795e-002
4.440074617539e-002
4.430700118087e-002
4.424129199692e-002
4.419731647487e-002
4.416996280334e-002
4.415517029828e-002
4.414973665412e-002
4.415113307222e-002
4.415735345708e-002
4.416680251281e-002
4.417821685457e-002
4.419060968980e-002
4.420323001255e-002
4.421552947757e-002
4.422713271343e-002
4.423780904500e-002
4.424744513847e-002
4.425601895216e-002
4.426357571819e-002
4.427020665705e-002
4.427603091712e-002
4.428118094978e-002
4.428579126563e-002
4.428999030871e-002
4.429389504920e-002
4.429760782738e-002
4.430121497046e-002
4.430478673165e-002
4.430837815454e-002
4.431203052971e-002
4.431577317843e-002
4.431962536101e-002
4.432359816366e-002
4.432769626501e-002
4.433191952043e-002
4.433626433291e-002
4.434072479999e-002
4.434529364218e-002
4.434996292885e-002
4.435472462290e-002
4.435957096990e-002
4.436449475695e-002
4.436948946686e-002
4.437454935198e-002
4.437966950270e-002
4.438484580182e-002
4.439007478754e-002
4.439535357962e-002
4.440067979993e-002
4.440605149027e-002
4.441146703290e-002
4.441692507754e-002
4.442242447669e-002
4.442796423050e-002
4.443354344113e-002
4.443916127649e-002
4.444481694234e-002
4.445050966176e-002
4.445623866109e-002
4.446200316088e-002
4.446780237106e-002
4.447363548926e-002
4.447950170142e-002
4.448540018399e-002
4.449133010716e-002
4.449729063857e-002
4.450328094725e-002
4.450930020746e-002
4.451534760222e-002
4.452142232660e-002
4.452752359040e-002
4.453365062058e-002
4.453980266312e-002
4.454597898448e-002
4.455217887281e-002
4.455840163872e-002
4.456464661585e-002
4.457091316123e-002
4.457720065546e-002
4.458350850290e-002
4.458983613804e-002
4.459618302198e-002
4.460254860253e-002
4.460892757815e-002
4.461530654840e-002
4.462167400699e-002
4.462802134117e-002
4.463434250055e-002
4.464063360525e-002
4.464689254128e-002
4.465311857535e-002
4.465931200832e-002
4.466547387735e-002
4.467160571036e-002
4.467770933125e-002
4.468378671217e-002
4.468983986641e-002
4.469587077562e-002
4.470188134457e-002
4.470787337695e-002
4.471384856688e-002
4.471980850132e-002
4.472575466953e-002
4.473168847657e-002
4.473761125862e-002
4.474352429857e-002
4.474942884067e-002
4.475532610389e-002
4.476121729331e-002
4.476710360980e-002
4.477298625778e-002
4.477886645138e-002
4.478474541916e-002
4.479062440765e-002
4.479650468385e-002
4.480238753703e-002
4.480827427992e-002
4.481416624945e-002
4.482006480723e-002
4.482597134123e-002
4.483188727082e-002
4.483781403994e-002
4.484375311526e-002
4.484970598679e-002
4.485567416830e-002
4.486165919769e-002
4.486766263709e-002
4.487368607307e-002
4.487973111666e-002
4.488579940340e-002
4.489189259345e-002
4.489801237146e-002
4.490416044659e-002
4.491033855251e-002
4.491654844733e-002
4.492279191354e-002
4.492907075794e-002
4.493538681163e-002
4.494174192990e-002
4.494813799218e-002
4.495457690198e-002
4.496106058687e-002
4.496759099839e-002
4.497417011201e-002
4.498079992707e-002
4.498748246678e-002
4.499421977812e-002
4.500101393187e-002
4.500786702252e-002
4.501478116824e-002
4.502175851089e-002
4.502880121597e-002
4.503591147259e-002
4.504309149342e-002
4.505034351466e-002
4.505766979608e-002
4.506507262088e-002
4.507255429578e-002
4.508011715062e-002
4.508776353386e-002
4.509549581507e-002
4.510331638938e-002
4.511122767689e-002
4.511923212206e-002
4.512733219334e-002
4.513553038293e-002
4.514382920655e-002
4.515223120328e-002
4.516073893538e-002
4.516935498830e-002
4.517808197052e-002
4.518692250999e-002
4.519587923218e-002
4.520495478331e-002
4.521415184249e-002
4.522347311876e-002
4.523292134856e-002
4.524249929437e-002
4.525220974356e-002
4.526205550756e-002
7.316503089182e-002
1.482075957424e-001
2.485199401986e-001
3.456623204725e-001
4.257492069705e-001
4.873433091255e-001
5.328362777297e-001
5.655461206318e-001
5.885886263643e-001
6.045258922254e-001
6.153330432361e-001
6.224780130936e-001
6.270272037281e-001
6.297433772821e-001
6.311654903192e-001
6.316696350806e-001
6.315134429349e-001
6.308666794038e-001
5.983369071770e-001
5.177780170599e-001
4.173778579108e-001
3.181136788888e-001
2.324976745777e-001
1.658350561253e-001
1.183890235732e-001
8.752789499622e-002
6.942370858983e-002
6.018656644870e-002
5.649054182077e-002
5.581819152840e-002
5.646058126828e-002
5.738825488965e-002
5.807601036798e-002
5.833252871566e-002
5.816044052824e-002
5.765485191395e-002
5.693797111912e-002
5.612259317104e-002
5.529596345163e-002
5.451636504688e-002
5.381649300815e-002
5.320954736968e-002
5.269559680726e-002
5.226698071157e-002
5.191232282327e-002
5.161919333883e-002
5.137567254884e-002
5.117112734314e-002
5.099648400026e-002
5.084421667684e-002
5.070820153022e-002
5.058352708958e-002
5.046630792451e-002
5.035352056420e-002
5.024286496488e-002
5.013264782376e-002
5.002168225793e-002
4.990919919766e-002
4.979476755692e-002
4.967822187473e-002
4.955959729021e-002
4.943907221416e-002
4.931691917993e-002
4.919346414404e-002
4.906905414345e-002
4.894403284313e-002
4.881872319766e-002
4.869341624290e-002
4.856836493158e-002
4.844378192393e-002
4.831984031292e-002
4.819667637831e-002
4.807439360972e-002
4.795306738661e-002
4.783274984821e-002
4.771347461661e-002
4.759526114626e-002
4.747811856494e-002
4.736204894090e-002
4.724704996489e-002
4.713311707204e-002
4.702024505257e-002
4.690842921558e-002
4.679766617495e-002
4.668795432666e-002
4.657929408428e-002
4.647168793175e-002
4.636514034537e-002
4.625965762895e-002
4.615524769716e-002
4.605191983470e-002
4.594968445212e-002
4.584855285293e-002
4.574853702124e-002
4.564964943639e-002
4.555190291583e-002
4.545531048687e-002
4.535988528612e-002
4.526564048345e-002
4.517258922704e-002
4.508074460705e-002
4.499011963328e-002
4.490072722450e-002
4.481258020627e-002
4.472569131463e-002
4.464007320395e-002
4.455573845686e-002
4.447269959523e-002
4.439096909142e-002
4.431055937850e-002
4.423148285998e-002
4.415375191763e-002
4.407737891850e-002
4.400237622027e-002
4.392875617553e-002
4.385653113457e-002
4.378571344772e-002
4.371631546653e-002
4.364834954417e-002
4.358182803585e-002
4.351676329823e-002
4.345316768909e-002
4.339105356660e-002
4.333043328838e-002
4.327131921082e-002
4.321372368817e-002
4.315765906986e-002
4.310313769332e-002
4.305017189203e-002
4.299877399749e-002
4.294895633790e-002
4.290073123681e-002
4.285411101237e-002
4.280910797648e-002
4.276573443412e-002
4.272400268287e-002
4.268392501230e-002
4.264551370359e-002
4.260878102915e-002
4.257373925221e-002
4.254040062647e-002
4.250877739576e-002
4.247888179369e-002
4.245072604335e-002
4.242432235695e-002
4.239968293549e-002
4.237681996844e-002
4.235574563342e-002
4.233647209580e-002
4.231901150846e-002
4.230337601136e-002
4.228957773125e-002
4.227762878132e-002
4.226754126085e-002
4.225932725485e-002
4.225299883373e-002
4.224856805296e-002
4.224604695272e-002
4.224544755752e-002
4.224678187592e-002
4.225006190009e-002
4.225529960557e-002
4.226250695084e-002
4.227169587699e-002
4.228287830742e-002
4.229606614743e-002
4.231127128392e-002
4.232850558500e-002
4.234778089971e-002
4.236910905759e-002
4.239250186840e-002
4.241797112173e-002
4.244552858672e-002
4.247518601163e-002
4.250695512354e-002
4.254084762800e-002
4.257687520867e-002
4.261504952703e-002
4.265538222195e-002
4.269788490941e-002
4.274256918211e-002
4.278944660917e-002
4.283852873289e-002
4.288982704732e-002
4.294335301934e-002
4.299911810165e-002
4.305713372908e-002
4.311741131572e-002
4.317996225281e-002
4.324479790732e-002
4.331192962080e-002
4.338136870851e-002
4.345312645889e-002
4.352721413288e-002
4.360364296355e-002
4.368242415569e-002
4.376356888538e-002
4.384708829870e-002
4.393299350791e-002
4.402129559634e-002
4.411200561929e-002
4.420513460296e-002
4.430069354361e-002
4.439869340701e-002
4.449914512781e-002
4.460205960912e-002
4.470744772206e-002
4.481532030542e-002
4.492568816521e-002
4.503856207445e-002
4.515395277264e-002
4.527187096556e-002
4.539232732489e-002
4.551533248786e-002
4.564089705702e-002
4.576903159972e-002
4.589974664795e-002
4.603305269788e-002
4.616896020959e-002
4.630747960686e-002
4.644862127630e-002
4.659239556479e-002
4.673881277944e-002
4.688788318884e-002
4.703961702352e-002
4.719402447620e-002
4.735111570160e-002
4.751090081612e-002
4.767338989760e-002
4.783859298479e-002
4.800652007700e-002
4.817718113361e-002
4.835058607356e-002
4.852674477504e-002
4.870566707497e-002
4.888736276874e-002
4.907184160968e-002
4.925911330877e-002
4.944918753430e-002
4.964207391170e-002
8.290425246471e-002
1.783526206789e-001
3.068424904547e-001
4.230443763415e-001
5.164256047054e-001
5.880469760875e-001
6.416704795034e-001
6.813808622288e-001
7.107320868880e-001
7.325419312667e-001
7.489375343959e-001
7.614785814265e-001
7.712874826143e-001
7.791616130902e-001
7.856619723606e-001
7.911800489131e-001
7.959868987635e-001
8.002685671759e-001
8.041513778015e-001
8.077198661418e-001
8.110294411494e-001
8.141152933287e-001
8.169986634803e-001
8.196912481179e-001
8.221982944581e-001
8.245207792696e-001
8.266569458079e-001
8.286033939593e-001
8.303558528974e-001
8.319098156751e-001
8.332613032531e-001
8.344066513323e-001
8.353425428755e-001
8.360662457188e-001
8.365757707982e-001
8.368699507886e-001
8.369484865450e-001
8.368119711804e-001
8.364618294676e-001
8.358999772665e-001
8.351290558429e-001
8.341525956295e-001
8.329750059366e-001
8.316015358929e-001
8.300382227169e-001
8.282918392576e-001
8.263698387080e-001
8.242802952559e-001
8.220318530514e-001
8.196336619428e-001
8.170953120262e-001
8.144267480512e-001
8.116381861523e-001
8.087400326403e-001
8.057427648446e-001
8.026568303650e-001
7.994925448595e-001
7.962599633350e-001
7.929687356305e-001
7.896279397163e-001
7.862458752895e-001
7.828298029806e-001
7.793856354182e-001
7.759175132783e-001
7.724271769547e-001
7.689130688948e-001
7.653689572957e-001
7.617817041730e-001
7.581274315349e-001
7.543644104051e-001
7.140024597191e-001
6.221350081700e-001
5.084149192334e-001
3.947670839405e-001
2.944300648289e-001
2.133285813662e-001
1.522594479119e-001
1.090230819763e-001
8.010132820948e-002
6.178153876203e-002
5.079230992924e-002
4.456275354430e-002
4.124507318041e-002
3.961262783044e-002
3.891147666468e-002
3.871318995917e-002
3.879284898400e-002
3.903987068025e-002
3.939976573534e-002
3.984051429491e-002
4.033616253500e-002
4.086102169014e-002
4.138941399551e-002
4.189758149148e-002
4.236579862528e-002
4.277977635030e-002
4.313111684599e-002
4.341694314086e-002
4.363897625068e-002
4.380234733931e-002
4.391437925206e-002
4.398349524001e-002
4.401833916013e-002
4.402713344751e-002
4.401726213662e-002
4.399504443063e-002
4.396565579344e-002
4.393315386007e-002
4.390057178990e-002
4.387004914690e-002
4.384297809320e-002
4.382014956307e-002
4.380188968390e-002
4.378818095438e-002
4.377876571570e-002
4.377323148498e-002
4.377107900154e-002
4.377177457803e-002
4.377478871784e-002
4.377962308594e-002
4.378582788823e-002
4.379301158738e-002
4.380084469928e-002
4.380905920211e-002
4.381744486613e-002
4.382584359091e-002
4.383414262543e-002
4.384226735210e-002
4.385017414252e-002
4.385784364301e-002
4.386527472184e-002
4.387247920820e-002
4.387947747350e-002
4.388629484550e-002
4.389295880460e-002
4.389949688405e-002
4.390593518100e-002
4.391229737988e-002
4.391860419042e-002
4.392487310940e-002
4.393111842402e-002
4.393735138610e-002
4.394358049763e-002
4.394981185997e-002
4.395604954920e-002
4.396229598988e-002
4.396855230780e-002
4.397481864886e-002
4.398109445699e-002
4.398737870826e-002
4.399367010140e-002
4.399996720749e-002
4.400626858254e-002
4.401257284796e-002
4.401887874406e-002
4.402518516144e-002
4.403149115522e-002
4.403779594636e-002
4.404409891372e-002
4.405039958000e-002
4.405669759418e-002
4.406299271233e-002
4.406928477837e-002
4.407557370573e-002
4.408185946072e-002
4.408814204796e-002
4.409442149797e-002
4.410069785710e-002
4.410697117952e-002
4.411324152115e-002
4.411950893528e-002
4.412577346962e-002
4.413203516447e-002
4.413829405189e-002
4.414455015552e-002
4.415080349088e-002
4.415705406603e-002
4.416330188249e-002
4.416954693613e-002
4.417578921820e-002
4.418202871626e-002
4.418826541503e-002
4.419449929718e-002
4.420073034395e-002
4.420695853570e-002
4.421318385233e-002
4.421940627363e-002
4.422562577949e-002
4.423184235008e-002
4.423805596595e-002
4.424426660808e-002
4.425047425793e-002
4.425667889735e-002
4.426288050865e-002
4.426907907449e-002
4.427527457783e-002
4.428146700194e-002
4.428765633029e-002
4.429384254655e-002
4.430002563451e-002
4.430620557809e-002
4.431238236126e-002
4.431855596807e-002
4.432472638261e-002
4.433089358900e-002
4.433705757135e-002
4.434321831380e-002
4.434937580051e-002
4.435553001563e-002
4.436168094332e-002
4.436782856775e-002
4.437397287311e-002
4.438011384359e-002
4.438625146341e-002
4.439238571680e-002
4.439851658802e-002
4.440464406133e-002
4.441076812105e-002
4.441688875150e-002
4.442300593705e-002
4.442911966207e-002
4.443522991099e-002
4.444133666825e-002
4.444743991834e-002
4.445353964577e-002
4.445963583508e-002
4.446572847083e-002
4.447181753765e-002
4.447790302015e-002
4.448398490301e-002
4.449006317092e-002
4.449613780860e-002
4.450220880081e-002
4.450827613233e-002
4.451433978799e-002
4.452039975263e-002
4.452645601114e-002
4.453250854844e-002
4.453855734946e-002
4.454460239920e-002
5.920236164109e-002
1.189881095715e-001
1.921612036755e-001
2.576539182134e-001
3.102766180223e-001
3.503127427958e-001
3.798484407913e-001
4.012510151862e-001
4.166112619779e-001
4.275985809429e-001
4.354781102392e-001
4.411798420804e-001
4.453744374802e-001
4.485394111208e-001
4.510116885200e-001
4.530273191121e-001
4.547506359792e-001
4.562952824572e-001
4.577392040205e-001
4.591352635166e-001
4.605187134099e-001
4.619124384847e-001
4.633306336457e-001
4.647813796765e-001
4.662684486954e-001
4.677925698628e-001
4.693523215076e-001
4.709447653090e-001
4.725658862381e-001
4.742108990471e-001
4.758745019290e-001
4.775510575965e-001
4.792347225077e-001
4.809195509490e-001
4.825995765781e-001
4.842688752595e-001
4.859216537023e-001
4.875522664876e-001
4.891552460117e-001
4.907253643621e-001
4.922576857091e-001
4.937476001421e-001
4.951908589656e-001
4.965836268948e-001
4.979225220750e-001
4.992046556456e-001
5.004276832111e-001
5.015898381712e-001
5.026899308058e-001
5.037273959963e-001
5.047023893416e-001
5.056158902051e-001
5.064698190938e-001
5.072671779331e-001
5.080122165137e-001
5.087107065129e-001
5.093703401750e-001
5.100013016454e-001
5.106171864519e-001
5.112365297738e-001
5.118854731815e-001
5.060187148836e-001
4.581640194018e-001
3.832408944299e-001
3.009823385477e-001
2.247062674755e-001
1.614853842976e-001
1.135641821844e-001
8.007062724080e-002
5.852037827687e-002
4.591747299441e-002
3.943714676360e-002
3.676551750591e-002
3.619917825675e-002
3.660168374017e-002
3.729249543053e-002
3.791914441505e-002
3.834158923704e-002
3.854152182829e-002
3.855890337497e-002
3.845231837206e-002
3.827745635867e-002
3.807786720157e-002
3.788305865304e-002
3.771030740979e-002
3.756781802991e-002
3.745788697341e-002
3.737945479597e-002
3.732988304224e-002
3.730603368878e-002
3.730482561663e-002
3.732345293648e-002
3.735941791892e-002
3.741048555972e-002
3.747462362724e-002
3.754995870935e-002
3.763475675951e-002
3.772742451952e-002
3.782652332809e-002
3.793078648665e-002
3.803913335475e-002
3.815067608313e-002
3.826471743874e-002
3.838074017482e-002
3.849838957817e-002
3.861745139703e-002
3.873782741112e-002
3.885951064417e-002
3.898256180609e-002
3.910708804996e-002
3.923322472150e-002
3.936112037604e-002
3.949092505557e-002
3.962278161467e-002
3.975681975449e-002
3.989315235831e-002
4.003187370368e-002
4.017305912450e-002
4.031676575832e-002
4.046303403506e-002
4.061188962821e-002
4.076334563937e-002
4.091740483698e-002
4.107406182548e-002
4.123330503628e-002
4.139511849895e-002
4.155948335534e-002
4.172637910865e-002
4.189578461481e-002
4.206767883460e-002
4.224204137579e-002
4.241885285141e-002
4.259809508434e-002
4.277975119526e-002
4.296380559719e-002
4.315024392378e-002
4.333905291292e-002
4.353022026287e-002
4.372373448266e-002
4.391958473212e-002
4.411776067690e-002
4.431825235439e-002
4.452105005549e-002
4.472614422538e-002
4.493352538188e-002
4.514318405377e-002
4.535511073110e-002
4.556929583057e-002
4.578572967361e-002
4.600440247358e-002
4.622530433090e-002
4.644842523322e-002
4.667375506053e-002
4.690128359421e-002
4.713100052406e-002
4.736289545929e-002
4.759695793848e-002
4.783317743898e-002
4.807154338571e-002
4.831204515823e-002
4.855467209886e-002
4.879941351646e-002
4.904625869112e-002
4.929519687767e-002
4.954621730815e-002
4.979930919366e-002
5.005446172518e-002
5.031166407484e-002
5.057090539607e-002
5.083217482319e-002
5.109546147163e-002
5.136075443777e-002
5.162804279871e-002
5.189731561179e-002
5.216856191448e-002
5.244177072427e-002
5.271693103845e-002
5.299403183391e-002
5.327306206722e-002
5.355401067488e-002
5.383686657307e-002
5.412161865834e-002
5.440825580709e-002
5.469676687630e-002
5.498714070362e-002
5.527936610787e-002
5.557343188919e-002
5.586932682932e-002
5.616703969204e-002
5.646655922406e-002
5.676787415338e-002
5.707097319166e-002
5.737584503383e-002
5.768247835852e-002
5.799086182784e-002
5.830098408839e-002
5.861283377290e-002
5.892639949859e-002
5.924166986788e-002
5.955863346887e-002
5.987727887504e-002
6.019759464570e-002
6.051956932621e-002
6.084319144850e-002
6.116844953154e-002
6.149533207961e-002
6.182382758216e-002
6.215392451246e-002
6.248561133250e-002
6.281887649361e-002
6.315370843708e-002
6.349009559553e-002
6.382802638927e-002
6.416748923006e-002
6.450847252054e-002
6.485096465400e-002
6.519495401441e-002
6.554042897665e-002
6.588737790773e-002
6.623578916477e-002
6.658565109532e-002
6.693695204006e-002
6.728968033150e-002
6.764382429444e-002
6.799937224628e-002
6.835631249718e-002
6.871463335243e-002
6.907432310585e-002
6.943537004767e-002
6.979776246224e-002
7.016148862807e-002
7.052653681815e-002
7.089289529845e-002
7.126055228681e-002
7.162949595665e-002
7.199971448760e-002
7.237119603849e-002
7.274392875628e-002
7.311790080306e-002
7.349310035632e-002
9.258906117682e-002
1.681471601315e-001
2.959738015676e-001
4.272580521401e-001
5.372137795841e-001
6.228609855768e-001
6.870086511999e-001
7.339714621349e-001
7.678914240113e-001
7.922000168673e-001
8.095490915920e-001
8.219103411966e-001
8.307158847953e-001
8.369905605247e-001
8.414605880462e-001
8.446371662677e-001
8.468784787608e-001
8.484346176135e-001
8.494796488152e-001
8.501342385298e-001
8.504814463908e-001
8.505776010978e-001
8.504595967785e-001
8.501494757899e-001
8.496567489779e-001
8.489783990480e-001
8.303352417918e-001
7.437094523419e-001
6.194501191448e-001
4.878479945148e-001
3.685977840852e-001
2.715705600168e-001
1.992910818482e-001
1.497065578943e-001
1.185291709598e-001
1.008980022482e-001
9.237338731878e-002
8.940115997063e-002
8.941721077977e-002
9.074586474794e-002
9.240794962538e-002
9.391395059934e-002
9.508345257151e-002
9.590738177238e-002
9.645415357358e-002
9.681286970859e-002
9.706389914859e-002
9.726744567649e-002
9.746246213793e-002
9.767045889864e-002
9.790077030222e-002
9.815542030932e-002
9.843281291521e-002
9.873012542389e-002
9.904461005157e-002
9.937412182667e-002
9.971718038499e-002
1.000728077908e-001
1.004403034254e-001
1.008190463798e-001
1.012083633605e-001
1.016074664345e-001
1.020154473650e-001
1.024313090399e-001
1.028540151546e-001
1.032825433409e-001
1.037159319632e-001
1.041533154247e-001
1.045939463959e-001
1.050372057536e-001
1.054826023429e-001
1.059297651747e-001
1.063784306542e-001
1.068284270962e-001
1.072796583168e-001
1.077320876077e-001
1.081857229608e-001
1.086406040530e-001
1.090967912214e-001
1.095543564686e-001
1.100133763855e-001
1.104739268061e-001
1.109360790741e-001
1.113998975661e-001
1.118654382558e-001
1.123327481077e-001
1.128018651005e-001
1.132728187019e-001
1.137456306442e-001
1.142203158798e-001
1.146968836187e-001
1.151753383767e-001
1.156556809511e-001
1.161379093223e-001
1.166220194482e-001
1.171080059413e-001
1.175958626228e-001
1.180855829629e-001
1.185771604312e-001
1.190705887782e-001
1.195658621356e-001
1.200629750968e-001
1.205619227611e-001
1.210627007394e-001
1.215653051308e-001
1.220697324790e-001
1.225759797181e-001
1.230840440975e-001
1.235939231099e-001
1.241056144623e-001
1.246191160257e-001
1.251344257862e-001
1.256515418034e-001
1.261704621760e-001
1.266911850138e-001
1.272137084175e-001
1.277380304619e-001
1.282641491861e-001
1.287920625856e-001
1.293217686107e-001
1.298532651638e-001
1.303865501012e-001
1.309216212349e-001
1.314584763359e-001
1.319971131377e-001
1.325375293386e-001
1.330797226068e-001
1.336236905825e-001
1.341694308811e-001
1.347169410959e-001
1.352662187997e-001
1.358172615468e-001
1.363700668739e-001
1.369246323019e-001
1.374809553356e-001
1.380390334654e-001
1.385988641661e-001
1.391604448985e-001
1.397237731085e-001
1.402888462270e-001
1.408556616706e-001
1.414242168407e-001
1.419945091238e-001
1.425665358911e-001
1.431402944986e-001
1.437157822870e-001
1.442929965810e-001
1.448719346904e-001
1.454525939090e-001
1.460349715153e-001
1.466190647718e-001
1.472048709256e-001
1.477923872084e-001
1.483816108360e-001
1.489725390090e-001
1.495651689127e-001
1.501594977139e-001
1.507555223730e-001
1.513532395724e-001
1.519526460444e-001
1.525537385924e-001
1.531565140819e-001
1.537609694275e-001
1.543671015830e-001
1.549749075307e-001
1.555843842711e-001
1.561955288181e-001
1.568083382007e-001
1.574228094457e-001
1.580389395669e-001
1.586567255320e-001
1.592761642652e-001
1.598972526822e-001
1.605199876903e-001
1.611443661869e-001
1.617703850579e-001
1.623980411771e-001
1.630273314049e-001
1.636582525876e-001
1.642908015583e-001
1.649249751353e-001
1.655607701220e-001
1.661981833076e-001
1.668372114666e-001
1.674778513592e-001
1.681200997315e-001
1.687639533150e-001
1.694094088275e-001
1.700564629732e-001
1.707051124423e-001
1.713553539118e-001
1.720071840450e-001
1.726605994902e-001
1.733155968384e-001
1.739721726339e-001
1.746303234225e-001
1.752900457517e-001
1.759513361164e-001
1.766141904606e-001
1.772786045161e-001
1.779445741721e-001
1.786120954620e-001
1.792811645415e-001
1.799517776681e-001
1.806239311789e-001
1.812976214716e-001
1.819728449859e-001
1.826495981902e-001
1.833278775668e-001
1.840076796027e-001
1.846890007811e-001
1.853718375755e-001
1.860561864448e-001
1.867420438313e-001
1.874294061583e-001
1.881182698294e-001
1.888086312283e-001
1.895004867194e-001
1.901938326486e-001
1.908886653440e-001
1.915849811169e-001
1.922827762630e-001
1.929820470633e-001
1.936827897850e-001
1.943850006828e-001
1.950886759984e-001
1.957938119625e-001
1.965004047940e-001
1.972084507017e-001
1.979179458835e-001
1.986288865272e-001
1.993412688111e-001
2.000550889025e-001
2.007703429594e-001
2.014870271299e-001
2.022051375528e-001
2.029246703566e-001
2.036456216603e-001
2.043679875760e-001
2.050917642183e-001
2.827541041005e-001
4.273006603820e-001
6.203434928209e-001
8.065034270087e-001
9.551809078460e-001
1.068454573971e+000
1.152587024076e+000
1.214269663120e+000
1.259287151093e+000
1.292208555778e+000
1.316473649608e+000
1.334599084217e+000
1.348392722917e+000
1.359137144490e+000
1.367734003968e+000
1.374812561146e+000
1.380809120919e+000
1.386024219304e+000
1.390663338552e+000
1.394865688678e+000
1.398724457209e+000
1.402301017150e+000
1.405634895273e+000
1.408750679889e+000
1.411662863192e+000
1.414379236818e+000
1.416903275269e+000
1.419235802712e+000
1.421376124435e+000
1.423322627375e+000
1.425073372708e+000
1.426626563080e+000
1.427980834388e+000
1.429135430488e+000
1.430090308287e+000
1.430846214767e+000
1.431404729452e+000
1.431768304697e+000
1.431940213520e+000
1.431924532919e+000
1.431726090921e+000
1.431350401622e+000
1.430803582349e+000
1.430092210887e+000
1.429223153653e+000
1.428203325792e+000
1.427039377887e+000
1.425737247001e+000
1.424301496021e+000
1.422734280496e+000
1.421033613681e+000
1.419190389185e+000
1.417182837667e+000
1.413472914859e+000
1.339481639793e+000
1.193250113693e+000
1.016464427437e+000
8.394271285424e-001
6.804779063894e-001
5.481123081575e-001
4.439596097214e-001
3.655908247012e-001
3.087021261039e-001
2.685764525411e-001
2.409144275881e-001
2.221984265106e-001
2.097574908699e-001
2.016709626835e-001
1.966083024020e-001
1.936646473161e-001
1.922220880643e-001
1.918466453490e-001
1.922193311532e-001
1.930943340540e-001
1.942760669027e-001
1.956077270605e-001
1.969658394856e-001
1.982571746880e-001
1.994160436979e-001
2.004011254073e-001
2.011916935845e-001
2.017834701633e-001
2.021844483744e-001
2.024110038274e-001
2.024845201309e-001
2.024286487102e-001
2.022672286439e-001
2.020228240467e-001
2.017157946496e-001
2.013637955566e-001
2.009816036664e-001
2.005811753536e-001
2.001718551417e-001
1.997606717407e-001
1.993526737687e-001
1.989512713605e-001
1.985585612440e-001
1.981756216822e-001
1.978027702088e-001
1.974397817325e-001
1.970860676458e-001
1.967408185638e-001
1.964031145510e-001
1.960720071318e-001
1.957465775369e-001
1.954259754833e-001
1.951094424686e-001
1.947963231252e-001
1.944860677130e-001
1.941782283366e-001
1.938724510106e-001
1.935684652580e-001
1.932660725418e-001
1.929651344911e-001
1.926655616007e-001
1.923673028463e-001
1.920703364791e-001
1.917746621164e-001
1.914802941438e-001
1.911872563697e-001
1.908955778242e-001
1.906052895735e-001
1.903164223992e-001
1.900290052006e-001
1.897430639800e-001
1.894586212850e-001
1.891756959968e-001
1.888943033696e-001
1.886144552427e-001
1.883361603611e-001
1.880594247555e-001
1.877842521437e-001
1.875106443148e-001
1.872386015126e-001
1.869681227818e-001
1.866992062634e-001
1.864318494460e-001
1.861660493742e-001
1.859018028158e-001
1.856391063918e-001
1.853779566753e-001
1.851183502615e-001
1.848602838173e-001
1.846037541100e-001
1.843487580237e-001
1.840952925638e-001
1.838433548543e-001
1.835929421300e-001
1.833440517298e-001
1.830966812622e-001
1.828508285925e-001
1.826064915730e-001
1.823636680229e-001
1.821223557292e-001
1.818825524458e-001
1.816442558983e-001
1.814074637857e-001
1.811721737844e-001
1.809383835507e-001
1.807060907261e-001
1.804752929702e-001
1.802459879530e-001
1.800181733230e-001
1.797918467099e-001
1.795670057260e-001
1.793436479692e-001
1.791217710260e-001
1.789013724727e-001
1.786824498776e-001
1.784650008015e-001
1.782490228000e-001
1.780345134231e-001
1.778214702156e-001
1.776098903622e-001
1.773997666948e-001
1.771910901265e-001
1.769838530604e-001
1.767780492806e-001
1.765736737575e-001
1.763707224431e-001
1.761691920755e-001
1.759690799976e-001
1.757703839989e-001
1.755731021806e-001
1.753772328454e-001
1.751827744088e-001
1.749897253331e-001
1.747980840784e-001
1.746078490683e-001
1.744190186694e-001
1.742315911787e-001
1.740455648194e-001
1.738609377422e-001
1.736777080290e-001
1.734958736998e-001
1.733154327203e-001
1.731363830100e-001
1.729587224499e-001
1.727824488903e-001
1.726075601566e-001
1.724340540551e-001
1.722619283779e-001
1.720911809061e-001
1.719218094131e-001
1.717538116668e-001
1.715871854312e-001
1.714219284672e-001
1.712580385338e-001
1.710955133877e-001
1.709343507841e-001
1.707745484768e-001
1.706161042173e-001
1.704590157528e-001
1.703032808210e-001
1.701488971576e-001
1.699958624979e-001
1.698441745766e-001
1.696938311265e-001
1.695448298791e-001
1.693971685634e-001
1.692508449059e-001
1.691058566301e-001
1.689622014561e-001
1.688198771008e-001
1.686788812776e-001
1.685392116968e-001
1.684008660772e-001
1.682638421451e-001
1.681281376177e-001
1.679937502037e-001
1.678606776035e-001
1.677289175100e-001
1.675984676095e-001
1.674693255825e-001
1.673414891043e-001
1.672149558457e-001
1.670897234732e-001
1.669657896500e-001
1.668431520353e-001
1.667218082856e-001
2.036870002127e-001
3.036886328599e-001
4.584457256137e-001
6.121270327399e-001
7.370582360760e-001
8.326420306233e-001
9.033354226253e-001
9.545888736615e-001
9.913251166943e-001
1.017511497599e+000
1.036167251280e+000
1.049515746331e+000
1.059161377276e+000
1.066246769868e+000
1.071578522091e+000
1.075716161476e+000
1.078999318057e+000
1.081640909080e+000
1.083788677012e+000
1.085545277988e+000
1.086982198986e+000
1.088149458945e+000
1.089082348593e+000
1.089806099207e+000
1.090339113039e+000
1.090695189727e+000
1.090885053791e+000
1.090917396313e+000
1.090799578339e+000
1.090538099415e+000
1.090138902017e+000
1.089607560348e+000
1.088949387449e+000
1.088169483755e+000
1.087272742679e+000
1.086263824056e+000
1.085147101344e+000
1.083926586401e+000
1.082605834547e+000
1.081187825668e+000
1.079674823292e+000
1.078068197460e+000
1.076368213234e+000
1.074573772692e+000
1.072682090194e+000
1.070688275058e+000
1.068584784175e+000
1.066360686642e+000
1.064000648998e+000
1.061483492099e+000
1.058780084186e+000
1.055850149172e+000
1.052637221055e+000
1.049060268178e+000
1.044998933564e+000
1.033698363192e+000
9.549984346781e-001
8.263321691010e-001
6.815306287396e-001
5.439451297118e-001
4.265433898552e-001
3.341346497558e-001
2.661425273052e-001
2.190793004215e-001
1.883816276787e-001
1.695714399615e-001
1.588565664695e-001
1.533354508514e-001
1.509625549578e-001
1.503972488230e-001
1.508191203466e-001
1.517574176263e-001
1.529560383944e-001
1.542784893468e-001
1.556479900219e-001
1.570141786394e-001
1.583375767432e-001
1.595844135283e-001
1.607264540150e-001
1.617424430460e-001
1.626193494284e-001
1.633526857030e-001
1.639458350339e-001
1.644086383534e-001
1.647555939742e-001
1.650039921702e-001
1.651722217315e-001
1.652783877019e-001
1.653392946999e-001
1.653697884060e-001
1.653824097886e-001
1.653872986212e-001
1.653922792464e-001
1.654030670024e-001
1.654235437843e-001
1.654560627455e-001
1.655017534368e-001
1.655608079703e-001
1.656327365645e-001
1.657165867166e-001
1.658111243454e-001
1.659149780730e-001
1.660267495954e-001
1.661450940595e-001
1.662687748660e-001
1.663966973296e-001
1.665279254505e-001
1.666616857297e-001
1.667973614804e-001
1.669344806186e-001
1.670726993902e-001
1.672117840284e-001
1.673515918665e-001
1.674920530506e-001
1.676331536293e-001
1.677749205076e-001
1.679174085351e-001
1.680606897899e-001
1.682048450025e-001
1.683499569629e-001
1.684961056859e-001
1.686433650928e-001
1.687918009016e-001
1.689414696193e-001
1.690924182999e-001
1.692446847471e-001
1.693982982956e-001
1.695532808020e-001
1.697096477037e-001
1.698674091137e-001
1.700265708745e-001
1.701871355395e-001
1.703491032452e-001
1.705124724579e-001
1.706772405957e-001
1.708434045302e-001
1.710109609668e-001
1.711799067229e-001
1.713502389362e-001
1.715219551878e-001
1.716950535673e-001
1.718695326948e-001
1.720453917142e-001
1.722226302560e-001
1.724012483897e-001
1.725812465653e-001
1.727626255551e-001
1.729453863902e-001
1.731295303114e-001
1.733150587114e-001
1.735019730911e-001
1.736902750314e-001
1.738799661641e-001
1.740710481512e-001
1.742635226671e-001
1.744573913852e-001
1.746526559714e-001
1.748493180786e-001
1.750473793445e-001
1.752468413931e-001
1.754477058436e-001
1.756499743053e-001
1.758536483771e-001
1.760587296444e-001
1.762652196290e-001
1.764731198293e-001
1.766824317618e-001
1.768931569616e-001
1.771052969832e-001
1.773188534004e-001
1.775338278067e-001
1.777502218117e-001
1.779680370438e-001
1.781872751453e-001
1.784079377752e-001
1.786300266062e-001
1.788535433223e-001
1.790784896213e-001
1.793048672110e-001
1.795326778095e-001
1.797619231477e-001
1.799926049643e-001
1.802247250078e-001
1.804582850370e-001
1.806932868196e-001
1.809297321325e-001
1.811676227619e-001
1.814069605024e-001
1.816477471587e-001
1.818899845439e-001
1.821336744791e-001
1.823788187964e-001
1.826254193356e-001
1.828734779453e-001
1.831229964836e-001
1.833739768174e-001
1.836264208214e-001
1.838803303798e-001
1.841357073840e-001
1.843925537276e-001
1.846508713066e-001
1.849106620290e-001
1.851719278130e-001
1.854346705876e-001
1.856988922894e-001
1.859645948670e-001
1.862317802779e-001
1.865004504872e-001
1.867706074689e-001
1.870422532047e-001
1.873153896856e-001
1.875900189090e-001
1.878661428804e-001
1.881437636129e-001
1.884228831260e-001
1.887035034465e-001
1.889856266084e-001
1.892692546528e-001
1.895543896269e-001
1.898410335858e-001
1.901291885906e-001
1.904188567085e-001
1.907100399916e-001
1.910027403993e-001
1.912969598890e-001
1.915927004493e-001
1.918899640992e-001
1.921887528856e-001
1.924890688786e-001
1.927909141698e-001
1.930942908682e-001
1.933992010981e-001
1.937056469962e-001
1.940136307091e-001
1.943231543917e-001
1.946342202050e-001
1.949468303166e-001
1.952609868984e-001
1.955766921261e-001
1.958939481795e-001
1.854022466037e-001
2.253948953234e-001
3.193243338836e-001
4.249487591748e-001
5.144482702221e-001
5.844033785907e-001
6.368217589316e-001
6.752053400479e-001
7.029960825542e-001
7.230656370642e-001
7.376357201289e-001
7.483551337349e-001
7.564166936616e-001
7.626689742650e-001
7.677084476442e-001
7.719503486731e-001
7.756811018515e-001
7.790961940444e-001
7.823270975724e-001
7.854601850516e-001
7.885499006096e-001
7.916278052044e-001
7.947086645618e-001
7.977944177423e-001
8.008764575859e-001
8.039365030662e-001
8.069461310746e-001
8.098646137851e-001
8.126341119597e-001
8.151699987237e-001
7.848196581172e-001
6.985334260345e-001
5.881690884882e-001
4.779243061137e-001
3.824999640997e-001
3.083426920004e-001
2.560430060037e-001
2.227750549164e-001
2.042518286607e-001
1.960450130846e-001
1.943241077654e-001
1.961561062238e-001
1.995210642085e-001
2.031756238187e-001
2.064598501269e-001
2.091065126010e-001
2.110828198858e-001
2.124744569408e-001
2.134098014885e-001
2.140165017640e-001
2.144010752284e-001
2.146430276785e-001
2.147968686520e-001
2.148974639221e-001
2.149659642895e-001
2.150149035985e-001
2.150519580302e-001
2.150823785888e-001
2.151103530847e-001
2.151396222197e-001
2.151736460768e-001
2.152155480754e-001
2.152679874439e-001
2.153330460798e-001
2.154121677967e-001
2.155061573302e-001
2.156152298925e-001
2.157390954179e-001
2.158770611144e-001
2.160281385759e-001
2.161911454796e-001
2.163647956197e-001
2.165477741100e-001
2.167387968610e-001
2.169366549325e-001
2.171402452427e-001
2.173485895335e-001
2.175608436236e-001
2.177762989173e-001
2.179943779837e-001
2.182146258194e-001
2.184366981871e-001
2.186603482061e-001
2.188854121624e-001
2.191117953109e-001
2.193394582619e-001
2.195684043851e-001
2.197986685204e-001
2.200303071617e-001
2.202633901780e-001
2.204979940571e-001
2.207341965890e-001
2.209720728662e-001
2.212116924455e-001
2.214531174864e-001
2.216964017526e-001
2.219415902701e-001
2.221887194745e-001
2.224378177219e-001
2.226889060459e-001
2.229419990605e-001
2.231971059252e-001
2.234542313117e-001
2.237133763257e-001
2.239745393501e-001
2.242377167911e-001
2.245029037179e-001
2.247700943920e-001
2.250392826917e-001
2.253104624393e-001
2.255836276420e-001
2.258587726557e-001
2.261358922889e-001
2.264149818533e-001
2.266960371782e-001
2.269790545931e-001
2.272640308912e-001
2.275509632797e-001
2.278398492955e-001
2.281306867350e-001
2.284234736460e-001
2.287182082771e-001
2.290148890276e-001
2.293135144047e-001
2.296140829858e-001
2.299165933890e-001
2.302210442487e-001
2.305274341978e-001
2.308357618541e-001
2.311460258121e-001
2.314582246368e-001
2.317723568618e-001
2.320884209885e-001
2.324064154877e-001
2.327263388013e-001
2.330481893452e-001
2.333719655129e-001
2.336976656781e-001
2.340252881983e-001
2.343548314177e-001
2.346862936023e-001
2.350196726641e-001
2.353549664759e-001
2.356921729997e-001
2.360312902750e-001
2.363723164075e-001
2.367152495565e-001
2.370600879259e-001
2.374068297526e-001
2.377554733001e-001
2.381060168487e-001
2.384584586903e-001
2.388127971286e-001
2.391690304774e-001
2.395271570470e-001
2.398871751411e-001
2.402490830556e-001
2.406128790777e-001
2.409785614861e-001
2.413461285502e-001
2.417155785319e-001
2.420869096844e-001
2.424601202499e-001
2.428352084220e-001
2.432121723711e-001
2.435910102748e-001
2.439717203163e-001
2.443543006843e-001
2.447387495702e-001
2.451250651472e-001
2.455132450892e-001
2.459032866770e-001
2.462951873586e-001
2.466889447490e-001
2.470845566050e-001
2.474820208005e-001
2.478813353042e-001
2.482824981586e-001
2.486855074623e-001
2.490903613539e-001
2.494970579984e-001
2.499055955758e-001
2.503159722737e-001
2.507281862798e-001
2.511422357765e-001
2.515581189382e-001
2.519758339293e-001
2.523953789018e-001
2.528167519965e-001
2.532399513414e-001
2.536649750536e-001
2.540918212392e-001
2.545204879947e-001
2.549509734076e-001
2.553832755569e-001
2.558173925151e-001
2.562533223480e-001
2.566910631152e-001
2.571306128712e-001
2.575719696657e-001
2.580151315440e-001
2.584600965462e-001
2.589068627093e-001
2.593554280655e-001
2.598057906429e-001
2.602579484656e-001
2.607118995539e-001
2.611676419236e-001
2.616251735863e-001
2.620844925493e-001
2.625455969674e-001
2.630084864807e-001
2.634731612771e-001
2.639396211250e-001
2.644078653976e-001
2.648778931178e-001
2.653497030079e-001
2.658232935403e-001
2.662986629863e-001
2.667758094613e-001
2.672547309655e-001
2.677354254174e-001
2.682178906824e-001
2.687021245958e-001
2.691881249566e-001
2.696758894907e-001
2.701654159377e-001
2.706567020705e-001
2.711497439466e-001
2.716445247152e-001
2.721410427838e-001
2.726393004296e-001
2.731392993043e-001
2.736410403684e-001
2.741445238494e-001
2.746497489182e-001
2.751567141341e-001
2.756654177820e-001
2.761758579502e-001
2.766880325947e-001
2.693885066936e-001
3.212477329493e-001
4.278729002980e-001
5.417393653643e-001
6.385060023917e-001
7.143193014459e-001
7.712176898987e-001
8.128842603277e-001
8.429641589764e-001
8.645079075479e-001
8.798799116613e-001
8.908370433771e-001
8.986515182845e-001
9.042289433969e-001
9.082058757907e-001
9.110249137896e-001
9.129902269589e-001
9.143075552065e-001
9.151124918722e-001
9.154901288131e-001
9.154883444710e-001
9.151263840819e-001
9.143998180853e-001
9.132824801776e-001
9.117254240452e-001
9.096524469189e-001
9.069504478374e-001
9.034498042612e-001
8.918422247583e-001
8.237267877415e-001
7.177549235447e-001
6.026198213782e-001
4.976005526773e-001
4.127070263609e-001
3.507934792177e-001
3.101450798258e-001
2.867489838993e-001
2.759436382852e-001
2.734261098447e-001
2.757361568359e-001
2.803785443874e-001
2.857340552139e-001
2.908750320726e-001
2.953620423717e-001
2.990642968445e-001
3.020215406025e-001
3.043493622918e-001
3.061815545091e-001
3.076400845312e-001
3.088233323332e-001
3.098049181653e-001
3.106375941239e-001
3.113586888158e-001
3.119951871345e-001
3.125676323324e-001
3.130927093160e-001
3.135847101615e-001
3.140562046622e-001
3.145182329338e-001
3.149802715816e-001
3.154501432588e-001
3.159339655716e-001
3.164361793060e-001
3.169596594292e-001
3.175058923953e-001
3.180751955004e-001
3.186669539521e-001
3.192798553259e-001
3.199121066411e-001
3.205616248122e-001
3.212261959158e-001
3.219036022596e-001
3.225917186856e-001
3.232885810627e-001
3.239924306946e-001
3.247017386450e-001
3.254152139294e-001
3.261317992573e-001
3.268506576279e-001
3.275711526551e-001
3.282928250515e-001
3.290153672539e-001
3.297385977788e-001
3.304624365037e-001
3.311868817398e-001
3.319119896714e-001
3.326378564865e-001
3.333646033219e-001
3.340923639925e-001
3.348212753476e-001
3.355514700270e-001
3.362830713221e-001
3.370161898389e-001
3.377509216463e-001
3.384873476020e-001
3.392255335828e-001
3.399655313631e-001
3.407073799307e-001
3.414511070601e-001
3.421967309967e-001
3.429442621434e-001
3.436937046669e-001
3.444450579662e-001
3.451983179725e-001
3.459534782612e-001
3.467105309718e-001
3.474694675461e-001
3.482302792959e-001
3.489929578203e-001
3.497574952926e-001
3.505238846385e-001
3.512921196263e-001
3.520621948913e-001
3.528341059077e-001
3.536078489265e-001
3.543834208906e-001
3.551608193379e-001
3.559400423017e-001
3.567210882107e-001
3.575039557985e-001
3.582886440200e-001
3.590751519795e-001
3.598634788711e-001
3.606536239274e-001
3.614455863820e-001
3.622393654389e-001
3.630349602524e-001
3.638323699129e-001
3.646315934381e-001
3.654326297692e-001
3.662354777710e-001
3.670401362345e-001
3.678466038798e-001
3.686548793614e-001
3.694649612743e-001
3.702768481576e-001
3.710905385023e-001
3.719060307539e-001
3.727233233180e-001
3.735424145625e-001
3.743633028227e-001
3.751859864014e-001
3.760104635726e-001
3.768367325815e-001
3.776647916465e-001
3.784946389591e-001
3.793262726845e-001
3.801596909618e-001
3.809948919029e-001
3.818318735937e-001
3.826706340927e-001
3.835111714314e-001
3.843534836135e-001
3.851975686151e-001
3.860434243834e-001
3.868910488374e-001
3.877404398672e-001
3.885915953336e-001
3.894445130684e-001
3.902991908733e-001
3.911556265208e-001
3.920138177537e-001
3.928737622850e-001
3.937354577969e-001
3.945989019428e-001
3.954640923448e-001
3.963310265962e-001
3.971997022587e-001
3.980701168649e-001
3.989422679206e-001
3.998161529141e-001
4.006917693048e-001
4.015691145195e-001
4.024481859505e-001
4.033289809571e-001
4.042114968649e-001
4.050957309669e-001
4.059816805229e-001
4.068693427620e-001
4.077587148798e-001
