-60.428958 -3.823556 40.507658
-60.696294 -3.311977 40.897473
-61.402281 -2.838638 41.084950
-62.487049 -2.399444 41.207418
-63.856062 -1.988203 41.314396
-65.422832 -1.599017 41.420123
-67.127169 -1.227609 41.532311
-68.927276 -0.870928 41.654874
-70.794136 -0.526807 41.789499
-72.707609 -0.193704 41.936613
-74.653725 0.129476 42.095955
-76.622797 0.443513 42.266920
-78.608115 0.748956 42.448753
-80.605034 1.046190 42.640658
-82.610345 1.335476 42.841850
-84.621830 1.616991 43.051586
-86.637960 1.890851 43.269168
-88.657681 2.157128 43.493945
-90.680266 2.415870 43.725310
-92.705215 2.667109 43.962691
-94.732178 2.910877 44.205550
-96.760913 3.147208 44.453372
-98.791250 3.376169 44.705669
-100.823067 3.597869 44.961973
-102.856275 3.812431 45.221840
-104.890798 4.020002 45.484843
-106.926574 4.220754 45.750572
-108.963542 4.414903 46.018634
-111.001643 4.602714 46.288653
-113.040816 4.784519 46.560270
-115.080993 4.960730 46.833146
-117.122101 5.131866 47.106964
-119.164053 5.298586 47.381434
-121.206745 5.461745 47.656296
-123.249856 5.622450 47.931309
-125.261489 5.778084 48.203081
-127.152279 5.919455 48.461952
-128.856492 6.041317 48.700124
-130.338099 6.142195 48.912907
-131.583881 6.222802 49.098345
-132.597340 6.284938 49.256656
-133.393513 6.330793 49.389609
-133.994704 6.362549 49.499954
-134.427097 6.382191 49.590944
-134.718169 6.391434 49.665973
-134.894810 6.391735 49.728318
-134.982041 6.384316 49.780974
-135.002217 6.370214 49.826563
-134.974614 6.350315 49.867296
-134.915307 6.325394 49.904975
-134.837263 6.296134 49.941012
-134.750568 6.263150 49.976475
-134.662748 6.226996 50.012133
-134.579130 6.188177 50.048505
-134.503212 6.147152 50.085908
-134.437026 6.104336 50.124503
-134.381468 6.060103 50.164334
-134.336586 6.014785 50.205361
-134.301841 5.968674 50.247489
-134.276303 5.922021 50.290590
-134.258825 5.875040 50.334521
-134.248167 5.827907 50.379137
-134.243094 5.780764 50.424298
-134.242437 5.733719 50.469878
-134.245139 5.686854 50.515764
-134.250278 5.640223 50.561863
-134.257075 5.593859 50.608096
-134.264895 5.547777 50.654403
-134.273235 5.501977 50.700736
-134.281715 5.456446 50.747062
-134.290058 5.411166 50.793357
-134.298077 5.366110 50.839605
-134.305656 5.321249 50.885799
-134.312735 5.276555 50.931936
-134.319299 5.231996 50.978016
-134.325360 5.187545 51.024043
-134.330955 5.143175 51.070022
-134.336130 5.098864 51.115957
-134.340939 5.054592 51.161856
-134.345439 5.010341 51.207724
-134.349681 4.966099 51.253566
-134.353716 4.921855 51.299387
-134.357587 4.877601 51.345191
-134.361332 4.833332 51.390982
-134.364981 4.789044 51.436761
-134.368560 4.744736 51.482533
-134.372088 4.700406 51.528297
-134.375579 4.656056 51.574056
-134.379043 4.611687 51.619809
-134.382487 4.567299 51.665559
-134.385915 4.522897 51.711304
-134.389328 4.478480 51.757044
-134.392727 4.434052 51.802781
-134.396109 4.389613 51.848513
-134.399475 4.345167 51.894241
-134.402820 4.300714 51.939965
-134.406144 4.256256 51.985684
-134.409442 4.211794 52.031397
-134.412715 4.167328 52.077106
-134.415958 4.122860 52.122810
-134.419170 4.078390 52.168508
-134.422351 4.033918 52.214201
-134.425498 3.989444 52.259889
-134.428611 3.944969 52.305571
-134.431689 3.900493 52.351248
-134.434732 3.856015 52.396920
-134.437738 3.811536 52.442586
-134.440709 3.767055 52.488247
-134.443643 3.722573 52.533903
-134.446541 3.678089 52.579554
-134.449402 3.633603 52.625200
-134.452228 3.589115 52.670840
-134.455017 3.544625 52.716476
-134.457771 3.500134 52.762107
-134.460488 3.455640 52.807733
-134.463170 3.411144 52.853354
-134.465816 3.366646 52.898971
-134.468426 3.322146 52.944583
-134.471001 3.277644 52.990190
-134.473541 3.233140 53.035793
-134.476045 3.188634 53.081391
-134.478514 3.144126 53.126985
-134.480948 3.099616 53.172575
-134.483346 3.055104 53.218160
-134.485709 3.010590 53.263741
-134.488037 2.966074 53.309318
-134.490329 2.921556 53.354891
-134.492587 2.877037 53.400460
-134.494809 2.832515 53.446024
-134.496996 2.787992 53.491585
-134.499147 2.743468 53.537142
-134.501264 2.698941 53.582695
-134.503345 2.654413 53.628244
-134.505391 2.609883 53.673789
-134.507402 2.565352 53.719331
-134.509378 2.520819 53.764869
-134.511318 2.476285 53.810404
-134.513224 2.431749 53.855935
-134.515094 2.387211 53.901462
-134.516929 2.342672 53.946986
-134.518728 2.298132 53.992507
-134.520493 2.253590 54.038025
-134.522222 2.209047 54.083539
-134.523916 2.164503 54.129050
-134.525576 2.119961 54.174558
-134.527202 2.075429 54.220063
-134.528797 2.030911 54.265565
-134.530359 1.986410 54.311064
-134.531891 1.941927 54.356561
-134.533391 1.897461 54.402055
-134.534859 1.853012 54.447547
-134.536295 1.808576 54.493035
-134.537699 1.764153 54.538522
-134.539070 1.719739 54.584006
-134.540408 1.675334 54.629487
-134.541711 1.630934 54.674966
-134.542981 1.586538 54.720443
-134.544215 1.542144 54.765918
-134.545415 1.497752 54.811390
-134.546580 1.453360 54.856860
-134.547709 1.408969 54.902328
-134.548804 1.364576 54.947794
-134.549862 1.320181 54.993258
-134.550885 1.275786 55.038720
-134.551873 1.231389 55.084180
-134.552825 1.186990 55.129639
-134.553742 1.142589 55.175095
-134.554624 1.098187 55.220550
-134.555470 1.053784 55.266004
-134.556280 1.009379 55.311456
-134.557056 0.964973 55.356906
-134.557796 0.920566 55.402355
-134.558501 0.876158 55.447802
-134.559171 0.831749 55.493249
-134.559805 0.787340 55.538693
-134.560405 0.742930 55.584137
-134.560969 0.698519 55.629580
-134.561498 0.654108 55.675021
-134.561993 0.609697 55.720461
-134.562452 0.565285 55.765900
-134.562876 0.520873 55.811338
-134.563265 0.476460 55.856776
-134.563619 0.432047 55.902212
-134.563938 0.387634 55.947648
-134.564221 0.343221 55.993083
-134.564470 0.298808 56.038517
-134.564684 0.254394 56.083950
-134.564862 0.209980 56.129383
-134.565005 0.165566 56.174816
-134.565114 0.121152 56.220248
-134.565187 0.076738 56.265679
-134.565225 0.032324 56.311110
-134.565228 -0.012090 56.356541
-134.565196 -0.056504 56.401972
-134.565129 -0.100918 56.447402
-134.565026 -0.145332 56.492832
-134.564889 -0.189746 56.538262
-134.564716 -0.234160 56.583693
-134.564509 -0.278574 56.629123
-134.564266 -0.322988 56.674553
-134.563988 -0.367401 56.719983
-134.563675 -0.411814 56.765413
-134.563327 -0.456227 56.810844
-134.562944 -0.500640 56.856275
-134.562525 -0.545052 56.901706
-134.562072 -0.589464 56.947138
-134.561584 -0.633876 56.992570
-134.561060 -0.678288 57.038002
-134.560501 -0.722699 57.083436
-134.559907 -0.767109 57.128869
-134.559278 -0.811519 57.174304
-134.558614 -0.855929 57.219739
-134.557915 -0.900338 57.265175
-134.557181 -0.944747 57.310611
-134.556411 -0.989155 57.356049
-134.555607 -1.033562 57.401488
-134.554767 -1.077969 57.446927
-134.553892 -1.122375 57.492368
-134.552982 -1.166780 57.537809
-134.552037 -1.211185 57.583252
-134.551057 -1.255589 57.628696
-134.550041 -1.299992 57.674141
-134.548991 -1.344395 57.719588
-134.547905 -1.388796 57.765036
-134.546784 -1.433197 57.810485
-134.545628 -1.477597 57.855936
-134.544437 -1.521996 57.901388
-134.543211 -1.566394 57.946842
-134.541950 -1.610792 57.992298
-134.540653 -1.655188 58.037755
-134.539321 -1.699583 58.083214
-134.537954 -1.743977 58.128675
-134.536552 -1.788370 58.174137
-134.535115 -1.832762 58.219602
-134.533642 -1.877153 58.265068
-134.532135 -1.921543 58.310537
-134.530592 -1.965931 58.356008
-134.529014 -2.010319 58.401480
-134.527401 -2.054705 58.446955
-134.525752 -2.099090 58.492432
-134.524069 -2.143473 58.537912
-134.670400 -2.228426 58.526612
-135.242961 -2.431883 58.405865
-136.195314 -2.751271 58.269751
-137.450078 -3.169110 58.151605
-138.916827 -3.658238 58.039653
-140.531066 -4.197849 57.923187
-142.248414 -4.772479 57.794526
-144.038417 -5.370501 57.648264
-145.880247 -5.983071 57.480667
-147.759728 -6.603366 57.289197
-149.667269 -7.226029 57.072172
-151.596435 -7.846765 56.828515
-153.542959 -8.462039 56.557582
-155.504058 -9.068854 56.259041
-157.477963 -9.664575 55.932789
-159.463589 -10.246793 55.578899
-161.460315 -10.813201 55.197587
-163.467828 -11.361476 54.789189
-165.467482 -11.885526 54.358011
-167.373890 -12.367239 53.923886
-169.112818 -12.793494 53.507550
-170.640793 -13.159224 53.124816
-171.938449 -13.464981 52.786323
-173.004527 -13.714893 52.497846
-173.850643 -13.915104 52.260998
-174.496868 -14.072665 52.074130
-174.968124 -14.194798 51.933275
-175.291384 -14.288438 51.833015
-175.493570 -14.359963 51.767220
-175.600099 -14.415053 51.729624
-175.633935 -14.458621 51.714233
-175.615070 -14.494805 51.715603
-175.560329 -14.526985 51.728992
-175.483403 -14.557829 51.750416
-175.395055 -14.589355 51.776654
-175.303415 -14.623006 51.805187
-175.214338 -14.659726 51.834135
-175.131771 -14.700051 51.862158
-175.058120 -14.744182 51.888370
-174.994582 -14.792071 51.912248
-174.941449 -14.843485 51.933551
-174.898363 -14.898070 51.952247
-174.864532 -14.955401 51.968454
-174.838904 -15.015028 51.982387
-174.820303 -15.076499 51.994319
-174.807529 -15.139392 52.004547
-174.799428 -15.203324 52.013373
-174.794944 -15.267963 52.021081
-174.793143 -15.333033 52.027934
-174.793227 -15.398310 52.034160
-174.794538 -15.463621 52.039953
-174.796550 -15.528838 52.045474
-174.798857 -15.593876 52.050849
-174.801157 -15.658681 52.056177
-174.803242 -15.723227 52.061528
-174.804977 -15.787507 52.066952
-174.806284 -15.851533 52.072478
-174.807134 -15.915323 52.078124
-174.807528 -15.978906 52.083895
-174.807494 -16.042311 52.089787
-174.807071 -16.105570 52.095793
-174.806308 -16.168713 52.101902
-174.805258 -16.231766 52.108099
-174.803971 -16.294756 52.114370
-174.802497 -16.357702 52.120703
-174.800877 -16.420623 52.127084
-174.799151 -16.483532 52.133503
-174.797349 -16.546440 52.139949
-174.795497 -16.609353 52.146415
-174.793616 -16.672279 52.152894
-174.791720 -16.735219 52.159382
-174.789821 -16.798175 52.165873
-174.787927 -16.861147 52.172367
-174.786041 -16.924135 52.178860
-174.784167 -16.987138 52.185353
-174.782305 -17.050153 52.191843
-174.780454 -17.113178 52.198333
-174.778613 -17.176213 52.204821
-174.776780 -17.239254 52.211309
-174.774953 -17.302301 52.217796
-174.773129 -17.365352 52.224284
-174.771307 -17.428406 52.230773
-174.769484 -17.491461 52.237264
-174.767658 -17.554516 52.243757
-174.765829 -17.617572 52.250254
-174.763994 -17.680628 52.256753
-174.762153 -17.743682 52.263257
-174.760305 -17.806736 52.269764
-174.758449 -17.869789 52.276275
-174.756585 -17.932842 52.282791
-174.754713 -17.995893 52.289311
-174.752832 -18.058943 52.295836
-174.750943 -18.121993 52.302365
-174.749045 -18.185041 52.308899
-174.747138 -18.248090 52.315437
-174.745223 -18.311138 52.321980
-174.743299 -18.374185 52.328528
-174.741367 -18.437233 52.335080
-174.739427 -18.500280 52.341637
-174.737478 -18.563327 52.348199
-174.735522 -18.626374 52.354765
-174.733557 -18.689421 52.361335
-174.731584 -18.752468 52.367911
-174.729603 -18.815515 52.374490
-174.727614 -18.878562 52.381075
-174.725617 -18.941609 52.387664
-174.723612 -19.004656 52.394257
-174.721599 -19.067703 52.400856
-174.719578 -19.130750 52.407459
-174.717549 -19.193798 52.414066
-174.715512 -19.256845 52.420678
-174.713468 -19.319892 52.427295
-174.711415 -19.382939 52.433917
-174.709354 -19.445986 52.440543
-174.707285 -19.509033 52.447174
-174.705207 -19.572081 52.453810
-174.703122 -19.635128 52.460451
-174.701029 -19.698175 52.467096
-174.698927 -19.761222 52.473747
-174.696818 -19.824269 52.480402
-174.694700 -19.887316 52.487062
-174.692574 -19.950363 52.493727
-174.690440 -20.013410 52.500397
-174.688297 -20.076457 52.507072
-174.686146 -20.139504 52.513752
-174.683987 -20.202551 52.520437
-174.681820 -20.265598 52.527126
-174.679645 -20.328645 52.533821
-174.677461 -20.391692 52.540521
-174.675268 -20.454738 52.547226
-174.673068 -20.517785 52.553936
-174.670859 -20.580832 52.560652
-174.668642 -20.643879 52.567372
-174.666416 -20.706925 52.574098
-174.664182 -20.769972 52.580828
-174.661940 -20.833019 52.587564
-174.659689 -20.896065 52.594305
-174.657429 -20.959112 52.601052
-174.655162 -21.022158 52.607803
-174.652885 -21.085205 52.614560
-174.650601 -21.148252 52.621322
-174.648307 -21.211298 52.628090
-174.646005 -21.274344 52.634863
-174.643695 -21.337391 52.641641
-174.641376 -21.400437 52.648425
-174.639049 -21.463484 52.655214
-174.636712 -21.526530 52.662008
-174.634368 -21.589576 52.668808
-174.632014 -21.652622 52.675613
-174.629652 -21.715669 52.682424
-174.627282 -21.778715 52.689241
-174.624902 -21.841761 52.696063
-174.622514 -21.904807 52.702890
-174.620117 -21.967853 52.709724
-174.617712 -22.030899 52.716562
-174.615298 -22.093945 52.723407
-174.612875 -22.156991 52.730257
-174.610443 -22.220037 52.737113
-174.608002 -22.283083 52.743974
-174.605553 -22.346129 52.750841
-174.603094 -22.409174 52.757714
-174.600627 -22.472220 52.764593
-174.598151 -22.535266 52.771478
-174.595666 -22.598312 52.778368
-174.593172 -22.661357 52.785264
-174.590669 -22.724403 52.792166
-174.588158 -22.787448 52.799074
-174.585637 -22.850494 52.805988
-174.583107 -22.913539 52.812908
-174.580568 -22.976585 52.819834
-174.578021 -23.039630 52.826765
-174.575464 -23.102675 52.833703
-174.572898 -23.165721 52.840647
-174.570323 -23.228766 52.847597
-174.567739 -23.291811 52.854553
-174.565146 -23.354856 52.861515
-174.562543 -23.417901 52.868483
-174.559932 -23.480947 52.875457
-174.557311 -23.543992 52.882438
-174.554681 -23.607037 52.889424
-174.552042 -23.670081 52.896417
-174.549394 -23.733126 52.903416
-174.546736 -23.796171 52.910422
-174.544069 -23.859216 52.917434
-174.541393 -23.922261 52.924452
-174.538707 -23.985305 52.931476
-174.536013 -24.048350 52.938507
-174.533308 -24.111394 52.945544
-174.530595 -24.174439 52.952588
-174.527872 -24.237483 52.959638
-174.525139 -24.300528 52.966694
-174.522397 -24.363572 52.973757
-174.519646 -24.426616 52.980827
-174.516885 -24.489660 52.987903
-174.514115 -24.552705 52.994985
-174.511335 -24.615749 53.002075
-174.508546 -24.678793 53.009171
-174.505747 -24.741837 53.016273
-174.502938 -24.804881 53.023382
-174.500120 -24.867924 53.030498
-174.497292 -24.930968 53.037621
-174.494454 -24.994012 53.044750
-174.491607 -25.057056 53.051886
-174.488750 -25.120099 53.059029
-174.485884 -25.183143 53.066179
-174.483007 -25.246186 53.073335
-174.480121 -25.309230 53.080499
-174.477225 -25.372273 53.087669
-174.474320 -25.435316 53.094847
-174.471404 -25.498359 53.102031
-174.468479 -25.561403 53.109222
-174.465543 -25.624446 53.116421
-174.462598 -25.687489 53.123626
-174.459643 -25.750531 53.130838
-174.456678 -25.813574 53.138058
-174.453703 -25.876617 53.145284
-174.450718 -25.939660 53.152518
-174.447723 -26.002702 53.159759
-174.444718 -26.065745 53.167007
-174.441702 -26.128788 53.174263
-174.438677 -26.191830 53.181526
-174.435642 -26.254872 53.188796
-174.432596 -26.317915 53.196073
-174.429540 -26.380957 53.203358
-174.426475 -26.443999 53.210650
-174.423398 -26.507041 53.217949
-174.420312 -26.570083 53.225256
-174.417216 -26.633125 53.232570
-174.414109 -26.696166 53.239892
-174.410991 -26.759208 53.247222
-174.407864 -26.822250 53.254559
-174.404726 -26.885291 53.261903
-174.401578 -26.948333 53.269255
-174.398419 -27.011374 53.276615
-174.395250 -27.074415 53.283983
-174.392070 -27.137457 53.291358
-174.388880 -27.200498 53.298741
-174.385680 -27.263539 53.306131
-174.382469 -27.326580 53.313530
-174.379247 -27.389621 53.320936
-174.337350 -27.600570 53.384908
-174.168240 -28.248911 53.584810
-173.889484 -29.290904 53.833011
-173.523853 -30.637849 54.095925
-173.087300 -32.196745 54.378673
-172.590219 -33.901885 54.686495
-172.038865 -35.707432 55.024014
-171.436366 -37.581348 55.395617
-170.783400 -39.501180 55.805792
-170.078630 -41.451113 56.259407
-169.318954 -43.419915 56.761966
-168.499616 -45.399501 57.319854
-167.614185 -47.383914 57.940590
-166.654433 -49.368611 58.633126
-165.610092 -51.349941 59.408198
-164.468490 -53.324760 60.278770
-163.214045 -55.290130 61.260599
-161.827570 -57.243067 62.372964
-160.285352 -59.180302 63.639614
-158.557927 -61.098040 65.090009
-156.608481 -62.991673 66.760937
-154.390755 -64.855425 68.698614
-151.846381 -66.681887 70.961354
-148.901612 -68.461384 73.622842
-145.463640 -70.181106 76.775824
-141.417216 -71.823942 80.535483
-136.623567 -73.366964 85.040525
-130.925996 -74.779651 90.447583
-124.170470 -76.022286 96.910627
-116.252777 -77.045686 104.533807
-107.198172 -77.794408 113.291805
-97.249954 -78.215802 122.941262
-86.894748 -78.274344 132.995495
-76.752457 -77.964562 142.834542
-67.371227 -77.313243 151.910198
-59.075168 -76.369109 159.898295
-51.950896 -75.187915 166.712160
-45.925646 -73.821387 172.424499
-40.854610 -72.312333 177.180062
-36.578648 -70.694063 -178.862069
-32.952097 -68.991736 -175.556291
-29.852057 -67.224140 -172.779767
-27.178804 -65.405306 -170.432833
-24.852840 -63.545778 -168.436060
-22.811187 -61.653551 -166.726536
-21.003939 -59.734760 -165.254425
-19.391395 -57.794164 -163.980101
-17.941780 -55.835502 -162.871868
-16.629490 -53.861743 -161.904204
-15.433734 -51.875275 -161.056403
-14.337501 -49.878034 -160.311547
-13.326767 -47.871612 -159.655709
-12.389886 -45.857326 -159.077347
-11.517118 -43.836277 -158.566830
-10.700260 -41.809393 -158.116070
-9.932361 -39.777465 -157.718239
-9.207492 -37.741166 -157.367538
-8.520572 -35.701079 -157.059020
-7.867215 -33.657707 -156.788443
-7.243626 -31.611489 -156.552158
-6.646500 -29.562809 -156.347014
-6.072952 -27.512001 -156.170280
-5.520454 -25.459359 -156.019585
-4.986792 -23.405137 -155.892868
-4.470025 -21.349559 -155.788329
-3.968462 -19.292811 -155.704403
-3.480640 -17.235050 -155.639720
-3.005327 -15.176398 -155.593089
-2.541524 -13.116940 -155.563467
-2.088508 -11.056713 -155.549944
-1.649866 -9.016376 -155.552273
-1.242008 -7.083088 -155.570615
-0.878285 -5.329471 -155.602097
-0.565965 -3.796486 -155.642112
-0.307690 -2.500739 -155.685925
-0.102623 -1.440928 -155.729546
0.052608 -0.603323 -155.770073
0.163099 0.033720 -155.805716
0.234968 0.496219 -155.835639
0.274772 0.811864 -155.859717
0.289038 1.007933 -155.878304
0.283918 1.109923 -155.892024
0.264948 1.140711 -155.901617
0.236905 1.120110 -155.907832
0.203752 1.064726 -155.911370
0.168644 0.988031 -155.912845
0.133972 0.900581 -155.912778
0.101448 0.810327 -155.911598
0.072197 0.722973 -155.909650
0.046858 0.642347 -155.907204
0.025686 0.570759 -155.904470
0.008642 0.509335 -155.901605
-0.004518 0.458316 -155.898725
-0.014180 0.417309 -155.895910
-0.020807 0.385500 -155.893213
-0.024893 0.361827 -155.890665
-0.026930 0.345109 -155.888281
-0.027381 0.334147 -155.886060
-0.026665 0.327797 -155.883996
-0.025143 0.325008 -155.882075
-0.023121 0.324856 -155.880280
-0.020843 0.326556 -155.878591
-0.018501 0.329457 -155.876990
-0.016234 0.333043 -155.875458
-0.014140 0.336913 -155.873978
-0.012280 0.340775 -155.872537
-0.010685 0.344425 -155.871120
-0.009364 0.347730 -155.869719
-0.008308 0.350617 -155.868326
-0.007499 0.353058 -155.866932
-0.006909 0.355055 -155.865535
-0.006507 0.356637 -155.864131
-0.006260 0.357843 -155.862717
-0.006138 0.358721 -155.861293
-0.006112 0.359325 -155.859859
-0.006155 0.359703 -155.858413
-0.006246 0.359904 -155.856957
-0.006366 0.359971 -155.855492
-0.006501 0.359940 -155.854017
-0.006639 0.359842 -155.852534
-0.006771 0.359703 -155.851044
-0.006893 0.359542 -155.849548
-0.007001 0.359375 -155.848045
-0.007092 0.359213 -155.846537
-0.007167 0.359062 -155.845025
-0.007227 0.358928 -155.843508
-0.007271 0.358812 -155.841987
-0.007303 0.358715 -155.840462
-0.007324 0.358636 -155.838933
-0.007335 0.358575 -155.837401
-0.007339 0.358529 -155.835866
-0.007337 0.358496 -155.834327
-0.007332 0.358474 -155.832785
-0.007323 0.358461 -155.831239
-0.007313 0.358454 -155.829690
-0.007302 0.358453 -155.828138
-0.007290 0.358455 -155.826582
-0.007279 0.358460 -155.825022
-0.007268 0.358466 -155.823460
-0.007258 0.358473 -155.821893
-0.007249 0.358480 -155.820323
-0.007241 0.358486 -155.818750
-0.007234 0.358492 -155.817173
-0.007228 0.358497 -155.815592
-0.007222 0.358502 -155.814008
-0.007217 0.358505 -155.812420
-0.007213 0.358508 -155.810828
-0.007209 0.358510 -155.809233
-0.007205 0.358512 -155.807634
-0.007201 0.358513 -155.806031
-0.007198 0.358513 -155.804425
-0.007195 0.358513 -155.802815
-0.007192 0.358513 -155.801202
-0.007188 0.358513 -155.799585
-0.007185 0.358513 -155.797964
-0.007182 0.358512 -155.796340
-0.007179 0.358512 -155.794711
-0.007175 0.358511 -155.793080
-0.007172 0.358511 -155.791445
-0.007168 0.358510 -155.789806
-0.007165 0.358510 -155.788163
-0.007161 0.358509 -155.786517
-0.007158 0.358509 -155.784867
-0.007154 0.358508 -155.783214
-0.007150 0.358508 -155.781557
-0.007147 0.358507 -155.779896
-0.007143 0.358507 -155.778232
-0.007139 0.358507 -155.776564
-0.007135 0.358506 -155.774893
-0.007131 0.358506 -155.773218
-0.007128 0.358506 -155.771539
-0.007124 0.358506 -155.769857
-0.007120 0.358505 -155.768171
-0.007116 0.358505 -155.766481
-0.007112 0.358505 -155.764788
-0.007109 0.358504 -155.763092
-0.007105 0.358504 -155.761391
-0.007101 0.358504 -155.759688
-0.007097 0.358504 -155.757980
-0.007093 0.358503 -155.756269
-0.007089 0.358503 -155.754555
-0.007085 0.358503 -155.752836
-0.007081 0.358502 -155.751115
-0.007078 0.358502 -155.749389
-0.007074 0.358502 -155.747660
-0.007070 0.358502 -155.745928
-0.007066 0.358501 -155.744192
-0.007062 0.358501 -155.742452
-0.007058 0.358501 -155.740709
-0.007054 0.358500 -155.738962
-0.007050 0.358500 -155.737212
-0.007046 0.358500 -155.735458
-0.007042 0.358499 -155.733700
-0.007038 0.358499 -155.731939
-0.007034 0.358499 -155.730174
-0.007030 0.358498 -155.728406
-0.007026 0.358498 -155.726634
-0.007022 0.358498 -155.724859
-0.007018 0.358497 -155.723080
-0.007014 0.358497 -155.721297
-0.007010 0.358497 -155.719511
-0.007006 0.358496 -155.717722
-0.007002 0.358496 -155.715929
-0.006998 0.358496 -155.714132
-0.006994 0.358495 -155.712332
-0.006990 0.358495 -155.710528
-0.006986 0.358495 -155.708721
-0.006981 0.358494 -155.706910
-0.006977 0.358494 -155.705095
-0.006973 0.358494 -155.703277
-0.006969 0.358493 -155.701456
-0.006965 0.358493 -155.699631
-0.006961 0.358493 -155.697802
-0.006957 0.358492 -155.695970
-0.006952 0.358492 -155.694135
-0.006948 0.358492 -155.692296
-0.006944 0.358491 -155.690453
-0.006940 0.358491 -155.688607
-0.006936 0.358490 -155.686757
-0.006931 0.358490 -155.684904
-0.006927 0.358490 -155.683047
-0.006923 0.358489 -155.681187
-0.006919 0.358489 -155.679323
-0.006915 0.358489 -155.677456
-0.006910 0.358488 -155.675585
-0.006906 0.358488 -155.673710
-0.006902 0.358487 -155.671833
-0.006897 0.358487 -155.669951
-0.006893 0.358487 -155.668066
-0.006889 0.358486 -155.666178
-0.006885 0.358486 -155.664286
-0.006880 0.358485 -155.662391
-0.006876 0.358485 -155.660492
-0.006872 0.358485 -155.658590
-0.006867 0.358484 -155.656684
-0.006863 0.358484 -155.654774
-0.006859 0.358483 -155.652862
-0.006854 0.358483 -155.650945
-0.006850 0.358483 -155.649025
-0.006845 0.358482 -155.647102
0.025556 0.195094 -155.619227
0.156303 -0.440185 -155.551548
0.377742 -1.466393 -155.485814
0.662694 -2.768628 -155.415363
0.991413 -4.262829 -155.333187
1.350988 -5.890354 -155.235127
1.733128 -7.610291 -155.118844
2.132648 -9.394089 -154.983085
2.546458 -11.221823 -154.827198
2.972882 -13.079575 -154.650817
3.411217 -14.957616 -154.453664
3.861440 -16.849132 -154.235430
4.324020 -18.749336 -153.995702
4.799799 -20.654850 -153.733917
5.289920 -22.563273 -153.449337
5.795789 -24.472875 -153.141025
6.319051 -26.382391 -152.807823
6.861596 -28.290868 -152.448337
7.425568 -30.197559 -152.060909
8.013388 -32.101852 -151.643587
8.627792 -34.003213 -151.194092
9.271870 -35.901147 -150.709767
9.949128 -37.795162 -150.187524
10.663556 -39.684750 -149.623774
11.419716 -41.569359 -149.014340
12.222847 -43.448371 -148.354354
13.078998 -45.321082 -147.638126
13.995186 -47.186676 -146.858984
14.979599 -49.044193 -146.009074
16.041842 -50.892495 -145.079119
17.193249 -52.730223 -144.058102
18.447264 -54.555736 -142.932886
19.819934 -56.367045 -141.687727
21.330512 -58.161716 -140.303667
23.002223 -59.936751 -138.757770
24.863212 -61.688424 -137.022175
26.947708 -63.412074 -135.062930
29.297425 -65.101825 -132.838600
31.963142 -66.750211 -130.298674
35.006354 -68.347696 -127.381925
38.500589 -69.882045 -124.015092
42.531591 -71.337555 -120.112692
47.194791 -72.694181 -115.579557
52.587360 -73.926706 -110.318775
58.791064 -75.004324 -104.248838
65.842586 -75.891305 -97.333323
73.693115 -76.549688 -89.621301
82.171397 -76.944648 -81.284285
90.978248 -77.051875 -72.621724
99.735864 -76.864159 -64.011685
108.079469 -76.393566 -55.819214
115.741548 -75.667836 -48.312098
122.585895 -74.723225 -41.626826
128.590724 -73.597489 -35.785472
133.808525 -72.325230 -30.735849
138.327762 -70.935840 -26.389809
142.246702 -69.453198 -22.649421
145.659130 -67.896258 -19.421264
148.648208 -66.279914 -16.622571
151.284931 -64.615871 -14.182794
153.628803 -62.913396 -12.042941
155.726954 -61.181965 -10.156192
157.568052 -59.476669 -8.527324
159.123776 -57.882640 -7.173737
160.404203 -56.457779 -6.078140
161.437140 -55.234294 -5.208599
162.255618 -54.223880 -4.530271
162.892165 -53.422905 -4.010530
163.376531 -52.817105 -3.620755
163.735022 -52.385542 -3.336592
163.990527 -52.103784 -3.137590
164.162801 -51.946334 -3.006659
164.268791 -51.888384 -2.929528
164.322959 -51.907006 -2.894277
164.337547 -51.981866 -2.890968
164.322822 -52.095584 -2.911351
164.287276 -52.233818 -2.948634
164.237814 -52.385144 -2.997299
164.179932 -52.540821 -3.052946
164.117890 -52.694465 -3.112152
164.054874 -52.841701 -3.172339
163.993164 -52.979800 -3.231649
163.934286 -53.107339 -3.288824
163.879161 -53.223891 -3.343092
163.828237 -53.329748 -3.394065
163.781610 -53.425693 -3.441645
163.739118 -53.512814 -3.485940
163.700434 -53.592350 -3.527200
163.665129 -53.665582 -3.565762
163.632729 -53.733751 -3.602001
163.602747 -53.798001 -3.636304
163.574719 -53.859348 -3.669045
163.548217 -53.918662 -3.700567
163.522860 -53.976665 -3.731177
163.498322 -54.033934 -3.761140
163.474327 -54.090914 -3.790678
163.450653 -54.147932 -3.819971
163.427124 -54.205217 -3.849162
163.403604 -54.262915 -3.878362
163.379995 -54.321104 -3.907652
163.356225 -54.379814 -3.937088
163.332250 -54.439037 -3.966707
163.308042 -54.498739 -3.996533
163.283591 -54.558869 -4.026573
163.258894 -54.619370 -4.056831
163.233957 -54.680180 -4.087299
163.208794 -54.741238 -4.117970
163.183416 -54.802487 -4.148832
163.157841 -54.863877 -4.179873
163.132084 -54.925366 -4.211078
163.106159 -54.986916 -4.242438
163.080080 -55.048498 -4.273940
163.053860 -55.110089 -4.305574
163.027508 -55.171672 -4.337333
163.001034 -55.233235 -4.369209
162.974445 -55.294770 -4.401196
162.947746 -55.356273 -4.433291
162.920941 -55.417742 -4.465489
162.894033 -55.479175 -4.497790
162.867024 -55.540576 -4.530190
162.839915 -55.601946 -4.562690
162.812707 -55.663287 -4.595288
162.785399 -55.724602 -4.627987
162.757991 -55.785895 -4.660785
162.730482 -55.847169 -4.693683
162.702871 -55.908424 -4.726683
162.675158 -55.969664 -4.759786
162.647340 -56.030891 -4.792992
162.619418 -56.092105 -4.826303
162.591389 -56.153308 -4.859719
162.563253 -56.214501 -4.893242
162.535008 -56.275684 -4.926873
162.506655 -56.336859 -4.960612
162.478190 -56.398024 -4.994460
162.449615 -56.459180 -5.028418
162.420928 -56.520327 -5.062488
162.392128 -56.581465 -5.096669
162.363215 -56.642593 -5.130962
162.334188 -56.703712 -5.165368
162.305045 -56.764822 -5.199888
162.275788 -56.825922 -5.234523
162.246414 -56.887011 -5.269272
162.216924 -56.948091 -5.304137
162.187316 -57.009160 -5.339118
162.157591 -57.070219 -5.374216
162.127747 -57.131267 -5.409431
162.097784 -57.192304 -5.444764
162.067701 -57.253331 -5.480216
162.037498 -57.314346 -5.515788
162.007174 -57.375351 -5.551479
161.976729 -57.436344 -5.587290
161.946161 -57.497326 -5.623223
161.915470 -57.558297 -5.659278
161.884656 -57.619257 -5.695455
161.853718 -57.680205 -5.731755
161.822655 -57.741142 -5.768179
161.791467 -57.802068 -5.804728
161.760152 -57.862982 -5.841401
161.728710 -57.923884 -5.878201
161.697141 -57.984775 -5.915127
161.665444 -58.045654 -5.952181
161.633618 -58.106521 -5.989362
161.601662 -58.167377 -6.026672
161.569575 -58.228220 -6.064112
161.537358 -58.289052 -6.101681
161.505009 -58.349871 -6.139381
161.472527 -58.410679 -6.177213
161.439912 -58.471474 -6.215178
161.407163 -58.532258 -6.253275
161.374280 -58.593029 -6.291506
161.341261 -58.653787 -6.329872
161.308105 -58.714534 -6.368372
161.274813 -58.775267 -6.407009
161.241383 -58.835989 -6.445783
161.207814 -58.896697 -6.484695
161.174106 -58.957393 -6.523744
161.140258 -59.018076 -6.562933
161.106269 -59.078747 -6.602262
161.072138 -59.139404 -6.641732
161.037865 -59.200049 -6.681343
161.003448 -59.260680 -6.721097
160.968888 -59.321298 -6.760993
160.934183 -59.381903 -6.801034
160.899331 -59.442495 -6.841220
160.864334 -59.503074 -6.881551
160.829189 -59.563639 -6.922029
160.793896 -59.624190 -6.962654
160.758453 -59.684728 -7.003427
160.722861 -59.745252 -7.044349
160.687118 -59.805763 -7.085421
160.651223 -59.866260 -7.126644
160.615176 -59.926743 -7.168019
160.578976 -59.987211 -7.209546
160.542621 -60.047666 -7.251226
160.506111 -60.108107 -7.293061
160.469445 -60.168533 -7.335051
160.432622 -60.228945 -7.377197
160.395641 -60.289343 -7.419500
160.358501 -60.349726 -7.461961
160.321202 -60.410095 -7.504581
160.283742 -60.470449 -7.547361
160.246120 -60.530788 -7.590301
160.208336 -60.591113 -7.633403
160.170388 -60.651422 -7.676668
160.132276 -60.711717 -7.720097
160.093998 -60.771996 -7.763690
160.055554 -60.832261 -7.807449
160.016943 -60.892510 -7.851374
159.978163 -60.952744 -7.895467
159.939214 -61.012962 -7.939728
159.900094 -61.073164 -7.984159
159.860803 -61.133352 -8.028760
159.821340 -61.193523 -8.073533
159.781703 -61.253678 -8.118479
159.741892 -61.313818 -8.163599
159.701905 -61.373942 -8.208893
159.661742 -61.434049 -8.254363
159.621401 -61.494140 -8.300009
159.580882 -61.554215 -8.345834
159.540182 -61.614274 -8.391838
159.499302 -61.674316 -8.438021
159.458240 -61.734341 -8.484386
159.416995 -61.794350 -8.530933
159.375565 -61.854342 -8.577664
159.333951 -61.914317 -8.624579
159.292150 -61.974275 -8.671680
159.250161 -62.034215 -8.718967
159.207984 -62.094139 -8.766443
159.165616 -62.154045 -8.814107
159.123058 -62.213934 -8.861962
159.080308 -62.273805 -8.910009
159.037364 -62.333659 -8.958247
158.994226 -62.393494 -9.006680
158.950892 -62.453312 -9.055308
158.907361 -62.513112 -9.104132
158.863632 -62.572894 -9.153153
158.819703 -62.632657 -9.202373
158.775574 -62.692402 -9.251793
158.731243 -62.752129 -9.301414
158.686708 -62.811837 -9.351238
158.918358 -62.876716 -9.165611
159.997971 -62.956658 -8.251984
161.944944 -63.038287 -6.585310
164.656227 -63.080666 -4.241674
167.905923 -63.046127 -1.423353
171.507489 -62.909747 1.698372
175.315456 -62.656454 4.989482
179.216005 -62.279304 8.344679
-176.878734 -61.777497 11.682399
-173.034713 -61.154565 14.941324
-169.299367 -60.416854 18.077408
-165.704783 -59.572342 21.061026
-162.270691 -58.629769 23.874218
-159.007223 -57.598018 26.508109
-155.917330 -56.485720 28.960633
-152.998809 -55.301008 31.234589
-150.245946 -54.051385 33.336087
-147.650778 -52.743675 35.273332
-145.204045 -51.384019 37.055713
-142.895877 -49.977903 38.693147
-140.716279 -48.530204 40.195617
-138.655454 -47.045241 41.572863
-136.704021 -45.526830 42.834183
-134.853141 -43.978331 43.988316
-133.094599 -42.402694 45.043373
-131.420844 -40.802494 46.006808
-129.828929 -39.184297 46.882971
-128.358968 -37.605111 47.650981
-127.056413 -36.138734 48.292712
-125.939144 -34.832867 48.810508
-125.007283 -33.712686 49.217240
-124.250408 -32.785761 49.529799
-123.652197 -32.046730 49.765477
-123.193392 -31.481429 49.940198
-122.853720 -31.070333 50.067807
-122.613164 -30.791277 50.159941
-122.452795 -30.621504 50.226179
-122.355310 -30.539126 50.274280
-122.305356 -30.524079 50.310449
-122.289684 -30.558686 50.339572
-122.297178 -30.627905 50.365424
-122.318781 -30.719364 50.390839
-122.347360 -30.823222 50.417865
-122.377508 -30.931943 50.447889
-122.405326 -31.040007 50.481757
-122.428191 -31.143598 50.519887
-122.444519 -31.240296 50.562360
-122.453551 -31.328785 50.609010
-122.455147 -31.408589 50.659504
-122.449615 -31.479846 50.713401
-122.437559 -31.543113 50.770209
-122.419758 -31.599210 50.829425
-122.397074 -31.649095 50.890563
-122.370376 -31.693773 50.953180
-122.340493 -31.734224 51.016882
-122.308178 -31.771361 51.081337
-122.274091 -31.805998 51.146270
-122.238788 -31.838837 51.211465
-122.202724 -31.870465 51.276757
-122.166257 -31.901355 51.342027
-122.129656 -31.931874 51.407197
-122.093115 -31.962300 51.472216
-122.056764 -31.992826 51.537063
-122.020679 -32.023584 51.601732
-121.984898 -32.054649 51.666232
-121.949426 -32.086056 51.730582
-121.914247 -32.117809 51.794806
-121.879332 -32.149890 51.858928
-121.844640 -32.182267 51.922975
-121.810130 -32.214901 51.986972
-121.775759 -32.247748 52.050943
-121.741485 -32.280764 52.114906
-121.707272 -32.313908 52.178880
-121.673088 -32.347142 52.242879
-121.638904 -32.380433 52.306913
-121.604698 -32.413754 52.370991
-121.570453 -32.447081 52.435119
-121.536155 -32.480397 52.499301
-121.501795 -32.513688 52.563539
-121.467367 -32.546944 52.627836
-121.432865 -32.580158 52.692190
-121.398289 -32.613325 52.756603
-121.363639 -32.646444 52.821072
-121.328914 -32.679514 52.885597
-121.294117 -32.712534 52.950177
-121.259248 -32.745507 53.014810
-121.224311 -32.778434 53.079495
-121.189308 -32.811315 53.144231
-121.154239 -32.844155 53.209017
-121.119108 -32.876953 53.273852
-121.083916 -32.909712 53.338736
-121.048663 -32.942433 53.403667
-121.013352 -32.975118 53.468646
-120.977982 -33.007767 53.533672
-120.942555 -33.040382 53.598746
-120.907071 -33.072962 53.663866
-120.871530 -33.105509 53.729034
-120.835933 -33.138022 53.794248
-120.800279 -33.170502 53.859510
-120.764569 -33.202949 53.924819
-120.728802 -33.235363 53.990176
-120.692978 -33.267744 54.055579
-120.657098 -33.300091 54.121031
-120.621160 -33.332404 54.186530
-120.585166 -33.364684 54.252076
-120.549115 -33.396931 54.317671
-120.513006 -33.429143 54.383314
-120.476840 -33.461321 54.449004
-120.440616 -33.493465 54.514743
-120.404335 -33.525575 54.580530
-120.367996 -33.557650 54.646365
-120.331600 -33.589691 54.712249
-120.295145 -33.621697 54.778181
-120.258634 -33.653668 54.844161
-120.222064 -33.685605 54.910190
-120.185436 -33.717506 54.976267
-120.148751 -33.749372 55.042393
-120.112007 -33.781204 55.108567
-120.075206 -33.813000 55.174790
-120.038347 -33.844761 55.241061
-120.001430 -33.876487 55.307381
-119.964455 -33.908177 55.373750
-119.927422 -33.939832 55.440168
-119.890331 -33.971451 55.506634
-119.853182 -34.003035 55.573149
-119.815975 -34.034583 55.639714
-119.778710 -34.066096 55.706327
-119.741387 -34.097573 55.772989
-119.704006 -34.129014 55.839700
-119.666566 -34.160419 55.906460
-119.629069 -34.191788 55.973269
-119.591513 -34.223121 56.040127
-119.553900 -34.254418 56.107034
-119.516228 -34.285679 56.173991
-119.478498 -34.316904 56.240997
-119.440710 -34.348092 56.308052
-119.402863 -34.379244 56.375156
-119.364958 -34.410360 56.442310
-119.326995 -34.441439 56.509513
-119.288974 -34.472481 56.576765
-119.250894 -34.503487 56.644067
-119.212756 -34.534456 56.711419
-119.174560 -34.565388 56.778820
-119.136305 -34.596284 56.846270
-119.097992 -34.627142 56.913770
-119.059620 -34.657964 56.981320
-119.021190 -34.688748 57.048919
-118.982702 -34.719495 57.116569
-118.944155 -34.750205 57.184267
-118.905550 -34.780878 57.252016
-118.866886 -34.811514 57.319815
-118.828163 -34.842112 57.387663
-118.789383 -34.872672 57.455561
-118.750543 -34.903195 57.523509
-118.711645 -34.933680 57.591507
-118.672689 -34.964128 57.659556
-118.633674 -34.994537 57.727654
-118.594600 -35.024909 57.795802
-118.555468 -35.055243 57.864000
-118.516277 -35.085539 57.932248
-118.477027 -35.115797 58.000547
-118.437719 -35.146017 58.068896
-118.398352 -35.176199 58.137295
-118.358927 -35.206342 58.205744
-118.319442 -35.236447 58.274243
-118.279899 -35.266513 58.342793
-118.240298 -35.296541 58.411393
-118.200637 -35.326531 58.480044
-118.160918 -35.356482 58.548745
-118.121140 -35.386394 58.617496
-118.081304 -35.416267 58.686298
-118.041408 -35.446102 58.755150
-118.001454 -35.475897 58.824053
-117.961441 -35.505654 58.893007
-117.921370 -35.535371 58.962011
-117.881239 -35.565050 59.031065
-117.841050 -35.594689 59.100171
-117.800801 -35.624289 59.169327
-117.760494 -35.653849 59.238533
-117.720129 -35.683370 59.307790
-117.679704 -35.712851 59.377098
-117.639220 -35.742293 59.446457
-117.598678 -35.771696 59.515867
-117.558077 -35.801058 59.585327
-117.517416 -35.830381 59.654839
-117.476697 -35.859664 59.724401
-117.435919 -35.888906 59.794014
-117.395083 -35.918109 59.863678
-117.354187 -35.947272 59.933392
-117.313232 -35.976395 60.003158
-117.272219 -36.005477 60.072975
-117.231146 -36.034519 60.142843
-117.190015 -36.063521 60.212762
-117.148824 -36.092482 60.282732
-117.107575 -36.121402 60.352753
-117.066267 -36.150282 60.422825
-117.024900 -36.179122 60.492948
-116.983474 -36.207920 60.563122
-116.941989 -36.236678 60.633348
-116.900445 -36.265395 60.703624
-116.858842 -36.294071 60.773952
-116.817180 -36.322706 60.844332
-116.775459 -36.351300 60.914762
-116.733680 -36.379852 60.985244
-116.691841 -36.408364 61.055777
-116.649943 -36.436834 61.126361
-116.607987 -36.465262 61.196997
-116.565971 -36.493650 61.267683
-116.523897 -36.521995 61.338422
-116.481763 -36.550299 61.409212
-116.439571 -36.578561 61.480053
-116.397320 -36.606782 61.550945
-116.355009 -36.634960 61.621889
-116.312640 -36.663097 61.692884
-116.270212 -36.691192 61.763931
-116.227725 -36.719244 61.835030
-116.185179 -36.747255 61.906179
-116.142574 -36.775223 61.977381
-116.099910 -36.803149 62.048634
-116.057188 -36.831032 62.119938
-116.014406 -36.858873 62.191294
-115.971566 -36.886672 62.262701
-115.928666 -36.914428 62.334160
-115.885708 -36.942141 62.405671
-115.842691 -36.969811 62.477233
-115.799615 -36.997439 62.548846
-115.756480 -37.025024 62.620512
-115.713286 -37.052565 62.692229
-115.670033 -37.080064 62.763997
-115.626722 -37.107520 62.835817
-115.583352 -37.134932 62.907689
-115.539923 -37.162301 62.979613
-115.496435 -37.189627 63.051588
-115.452888 -37.216909 63.123615
-115.409282 -37.244148 63.195693
-115.365618 -37.271343 63.267823
-115.321895 -37.298495 63.340005
-115.278113 -37.325603 63.412239
-115.234273 -37.352667 63.484524
-115.190373 -37.379687 63.556861
-115.189157 -37.528922 63.621610
-115.330474 -38.047730 63.649228
-115.633703 -38.934046 63.614919
-116.073182 -40.142276 63.502266
-116.618463 -41.580979 63.325121
-117.251610 -43.178596 63.093703
-117.961949 -44.885221 62.811087
-118.744235 -46.665979 62.475747
-119.597512 -48.496399 62.082932
-120.524437 -50.359177 61.625343
-121.530939 -52.241915 61.093372
-122.626158 -54.135523 60.475014
-123.822633 -56.033093 59.755529
-125.136753 -57.929073 58.916853
-126.589499 -59.818646 57.936744
-128.207537 -61.697234 56.787586
-130.024762 -63.560055 55.434773
-132.084418 -65.401678 53.834529
-134.441961 -67.215525 51.930997
-137.168851 -68.993234 49.652410
-140.357357 -70.723818 46.906266
-144.126157 -72.392496 43.573700
-148.625542 -73.979092 39.504269
-154.038708 -75.455908 34.514650
-160.570726 -76.785265 28.399659
-168.409132 -77.917538 20.971659
-177.635889 -78.791943 12.148588
171.906889 -79.343888 2.088237
160.719224 -79.521361 -8.709467
149.568133 -79.304801 -19.477607
139.207881 -78.716018 -29.462020
130.111059 -77.808036 -38.190222
122.411616 -76.645087 -45.528377
116.014791 -75.286858 -51.571368
110.729275 -73.781752 -56.510630
106.350889 -72.166388 -60.550481
102.698987 -70.467622 -63.871716
99.626031 -68.704967 -66.622032
97.015766 -66.892640 -68.917860
94.777889 -65.041096 -70.849691
92.842477 -63.158113 -72.487657
91.155242 -61.249562 -73.886278
89.673789 -59.319930 -75.088201
88.364783 -57.372696 -76.127047
87.201818 -55.410588 -77.029543
86.163842 -53.435775 -77.817107
85.233972 -51.449999 -78.507041
84.398622 -49.454673 -79.113417
83.646853 -47.450955 -79.647746
82.969894 -45.439804 -80.119483
82.360797 -43.422019 -80.536403
81.814216 -41.398279 -80.904880
81.326298 -39.369162 -81.230073
80.894712 -37.335340 -81.516030
80.520320 -35.328023 -81.764901
80.206521 -33.436995 -81.977823
79.953277 -31.728825 -82.157952
79.757601 -30.240184 -82.309327
79.614582 -28.984846 -82.435974
79.518083 -27.959825 -82.541580
79.461280 -27.150579 -82.629448
79.437076 -26.535282 -82.702560
79.438452 -26.088198 -82.763665
79.458733 -25.782257 -82.815337
79.491807 -25.590922 -82.859993
79.532270 -25.489466 -82.899879
79.575522 -25.455765 -82.937039
79.617808 -25.470707 -82.973269
79.656217 -25.518317 -83.010085
79.688638 -25.585669 -83.048698
79.713692 -25.662664 -83.090008
79.730640 -25.741720 -83.134615
79.739280 -25.817420 -83.182846
79.739837 -25.886152 -83.234793
79.732858 -25.945754 -83.290353
79.719111 -25.995199 -83.349280
79.699498 -26.034302 -83.411224
79.674976 -26.063484 -83.475776
79.646501 -26.083561 -83.542501
79.614982 -26.095586 -83.610967
79.581243 -26.100718 -83.680765
79.546008 -26.100135 -83.751525
79.509891 -26.094958 -83.822924
79.473390 -26.086216 -83.894692
79.436896 -26.074815 -83.966608
79.400696 -26.061527 -84.038503
79.364994 -26.046992 -84.110252
79.329912 -26.031720 -84.181769
79.295515 -26.016109 -84.253004
79.261817 -26.000450 -84.323931
79.228794 -25.984951 -84.394545
79.196398 -25.969746 -84.464861
79.164563 -25.954912 -84.534899
79.133215 -25.940482 -84.604691
79.102276 -25.926458 -84.674269
79.071671 -25.912815 -84.743668
79.041329 -25.899518 -84.812921
79.011185 -25.886519 -84.882059
78.981186 -25.873770 -84.951109
78.951283 -25.861222 -85.020094
78.921440 -25.848827 -85.089036
78.891626 -25.836543 -85.157948
78.861821 -25.824333 -85.226845
78.832009 -25.812166 -85.295734
78.802180 -25.800015 -85.364622
78.772328 -25.787859 -85.433513
78.742453 -25.775682 -85.502409
78.712554 -25.763473 -85.571310
78.682635 -25.751223 -85.640215
78.652700 -25.738927 -85.709125
78.622753 -25.726581 -85.778035
78.592800 -25.714184 -85.846945
78.562845 -25.701736 -85.915853
78.532893 -25.689239 -85.984755
78.502949 -25.676693 -86.053650
78.473015 -25.664100 -86.122537
78.443096 -25.651464 -86.191413
78.413193 -25.638785 -86.260278
78.383309 -25.626066 -86.329130
78.353446 -25.613308 -86.397969
78.323603 -25.600513 -86.466793
78.293783 -25.587683 -86.535603
78.263986 -25.574819 -86.604398
78.234211 -25.561921 -86.673178
78.204460 -25.548990 -86.741942
78.174731 -25.536026 -86.810692
78.145025 -25.523031 -86.879426
78.115342 -25.510005 -86.948145
78.085681 -25.496947 -87.016850
78.056042 -25.483857 -87.085539
78.026425 -25.470736 -87.154213
77.996829 -25.457584 -87.222873
77.967255 -25.444401 -87.291518
77.937702 -25.431186 -87.360149
77.908170 -25.417940 -87.428765
77.878659 -25.404662 -87.497366
77.849169 -25.391353 -87.565953
77.819700 -25.378012 -87.634526
77.790252 -25.364639 -87.703084
77.760825 -25.351235 -87.771628
77.731419 -25.337799 -87.840157
77.702034 -25.324331 -87.908672
77.672670 -25.310831 -87.977172
77.643328 -25.297300 -88.045658
77.614006 -25.283737 -88.114129
77.584705 -25.270143 -88.182585
77.555426 -25.256516 -88.251027
77.526168 -25.242858 -88.319455
77.496932 -25.229169 -88.387867
77.467717 -25.215448 -88.456265
77.438523 -25.201695 -88.524648
77.409351 -25.187911 -88.593017
77.380200 -25.174095 -88.661371
77.351071 -25.160247 -88.729709
77.321964 -25.146369 -88.798033
77.292878 -25.132459 -88.866343
77.263814 -25.118517 -88.934637
77.234772 -25.104544 -89.002916
77.205752 -25.090540 -89.071181
77.176753 -25.076505 -89.139430
77.147777 -25.062438 -89.207665
77.118822 -25.048340 -89.275884
77.089889 -25.034211 -89.344089
77.060979 -25.020050 -89.412278
77.032090 -25.005859 -89.480452
77.003223 -24.991636 -89.548612
76.974379 -24.977382 -89.616756
76.945556 -24.963098 -89.684885
76.916756 -24.948782 -89.752999
76.887978 -24.934435 -89.821098
76.859222 -24.920057 -89.889181
76.830489 -24.905648 -89.957249
76.801778 -24.891208 -90.025302
76.773089 -24.876737 -90.093340
76.744423 -24.862235 -90.161363
76.715779 -24.847702 -90.229370
76.687157 -24.833138 -90.297362
76.658558 -24.818543 -90.365339
76.629982 -24.803916 -90.433300
76.601428 -24.789259 -90.501246
76.572897 -24.774570 -90.569177
76.544388 -24.759851 -90.637092
76.515902 -24.745100 -90.704992
76.487439 -24.730319 -90.772876
76.458998 -24.715507 -90.840745
76.430580 -24.700664 -90.908598
76.402185 -24.685791 -90.976436
76.373813 -24.670887 -91.044259
76.345464 -24.655952 -91.112066
76.317138 -24.640987 -91.179857
76.288835 -24.625992 -91.247633
76.260554 -24.610966 -91.315393
76.232297 -24.595909 -91.383137
76.204063 -24.580823 -91.450866
76.175852 -24.565706 -91.518580
76.147664 -24.550559 -91.586277
76.119499 -24.535381 -91.653959
76.091357 -24.520173 -91.721626
76.063239 -24.504936 -91.789276
76.035144 -24.489668 -91.856911
76.007072 -24.474369 -91.924530
75.979024 -24.459041 -91.992133
75.950999 -24.443683 -92.059721
75.922997 -24.428294 -92.127293
75.895019 -24.412875 -92.194849
75.867064 -24.397427 -92.262389
75.839133 -24.381948 -92.329913
75.811225 -24.366440 -92.397422
75.783341 -24.350902 -92.464914
75.755480 -24.335333 -92.532391
75.727643 -24.319735 -92.599852
75.699830 -24.304107 -92.667297
75.672040 -24.288449 -92.734726
75.644274 -24.272762 -92.802139
75.616532 -24.257044 -92.869536
75.588813 -24.241297 -92.936917
75.561119 -24.225520 -93.004283
75.533448 -24.209714 -93.071632
75.505801 -24.193878 -93.138965
75.478178 -24.178012 -93.206282
75.450579 -24.162117 -93.273583
75.423004 -24.146192 -93.340868
75.395453 -24.130237 -93.408137
75.367926 -24.114254 -93.475390
75.340423 -24.098240 -93.542627
75.312945 -24.082198 -93.609847
75.285490 -24.066125 -93.677052
75.258059 -24.050024 -93.744240
75.230653 -24.033893 -93.811412
75.203271 -24.017733 -93.878568
75.175913 -24.001543 -93.945708
75.148579 -23.985325 -94.012832
75.121270 -23.969077 -94.079939
75.093985 -23.952800 -94.147031
75.066725 -23.936493 -94.214106
75.039489 -23.920158 -94.281164
75.012277 -23.903793 -94.348207
74.985090 -23.887400 -94.415233
74.957927 -23.870977 -94.482243
74.930789 -23.854526 -94.549237
74.897369 -23.711294 -94.608517
74.847677 -23.180389 -94.653213
74.785050 -22.256276 -94.698004
74.702597 -20.989598 -94.765920
74.601747 -19.479518 -94.857417
74.487398 -17.800284 -94.967502
74.364024 -16.003532 -95.092177
74.235385 -14.125173 -95.228399
74.104482 -12.190179 -95.373929
73.973645 -10.215918 -95.527161
73.844636 -8.214469 -95.686976
73.718773 -6.194238 -95.852615
73.597031 -4.161074 -96.023581
73.480130 -2.119051 -96.199571
73.368603 -0.071008 -96.380422
73.262849 1.981107 -96.566073
73.163168 4.036119 -96.756541
73.069797 6.093266 -96.951902
72.982940 8.152013 -97.152274
72.902783 10.211978 -97.357813
72.829513 12.272884 -97.568703
72.763323 14.334528 -97.785153
72.704427 16.396758 -98.007400
72.653063 18.459453 -98.235705
72.609502 20.522517 -98.470362
72.574055 22.585868 -98.711694
72.547079 24.649435 -98.960066
72.528986 26.713152 -99.215884
72.520249 28.776956 -99.479611
72.521417 30.840786 -99.751770
72.533123 32.904580 -100.032963
72.556102 34.968276 -100.323879
72.591206 37.031809 -100.625319
72.639430 39.095112 -100.938215
72.701937 41.158113 -101.263658
72.780096 43.220737 -101.602937
72.875524 45.282903 -101.957581
72.990147 47.344520 -102.329419
73.126270 49.405494 -102.720654
73.286680 51.465713 -103.133962
73.474774 53.525056 -103.572624
73.694739 55.583383 -104.040701
73.951788 57.640527 -104.543279
74.252506 59.696294 -105.086807
74.605331 61.750443 -105.679582
75.021260 63.802677 -106.332455
75.514910 65.852612 -107.059891
76.106146 67.899745 -107.881598
76.822687 69.943390 -108.825133
77.704434 71.982578 -109.930227
78.810991 74.015882 -111.256313
80.235519 76.041097 -112.896370
82.132008 78.054593 -115.004199
84.773650 80.049929 -117.852791
88.691305 82.014469 -121.972797
95.041378 83.918767 -128.520405
106.399101 85.647725 -140.070881
127.742957 86.938835 -161.601397
160.871983 87.405608 165.092067
-170.243528 87.005748 136.042545
-154.003777 86.250550 119.652981
-145.355739 85.489615 110.872164
-140.451933 84.840369 105.853439
-137.523005 84.329953 102.827396
-135.740579 83.953456 100.964895
-134.681575 83.694006 99.841581
-134.110354 83.530770 99.220209
-133.884879 83.442634 98.956958
-133.912899 83.410036 98.957748
-134.130005 83.415863 99.156384
-134.488079 83.445805 99.503075
-134.949081 83.488395 99.958268
-135.481759 83.534837 100.489377
-136.059994 83.578725 101.069147
-136.662051 83.615698 101.674893
-137.270250 83.643078 102.288168
-137.870784 83.659518 102.894562
-138.453494 83.664675 103.483458
-139.011544 83.658926 104.047690
-139.540979 83.643128 104.583072
-140.040206 83.618427 105.087869
-140.509451 83.586103 105.562229
-140.950239 83.547458 106.007648
-141.364928 83.503742 106.426490
-141.756331 83.456094 106.821602
-142.127418 83.405516 107.195998
-142.481101 83.352860 107.552646
-142.820092 83.298825 107.894314
-143.146818 83.243966 108.223484
-143.463378 83.188705 108.542307
-143.771538 83.133352 108.852592
-144.072742 83.078118 109.155823
-144.368137 83.023134 109.453180
-144.658613 82.968471 109.745577
-144.944834 82.914149 110.033700
-145.227283 82.860157 110.318045
-145.506289 82.806458 110.598953
-145.782066 82.753003 110.876646
-146.054740 82.699734 111.151253
-146.324370 82.646592 111.422834
-146.590970 82.593521 111.691404
-146.854527 82.540470 111.956950
-147.115010 82.487394 112.219438
-147.372382 82.434253 112.478831
-147.626606 82.381017 112.735088
-147.877651 82.327662 112.988176
-148.125494 82.274171 113.238071
-148.370120 82.220530 113.484755
-148.611528 82.166733 113.728225
-148.849723 82.112776 113.968487
-149.084723 82.058659 114.205555
-149.316553 82.004383 114.439455
-149.545245 81.949951 114.670217
-149.770838 81.895369 114.897880
-149.993375 81.840641 115.122487
-150.212904 81.785773 115.344084
-150.429472 81.730770 115.562722
-150.643133 81.675638 115.778451
-150.853938 81.620381 115.991323
-151.061939 81.565005 116.201391
-151.267189 81.509514 116.408707
-151.469740 81.453912 116.613323
-151.669641 81.398201 116.815289
-151.866943 81.342386 117.014655
-152.061693 81.286469 117.211470
-152.253940 81.230452 117.405781
-152.443728 81.174338 117.597634
-152.631102 81.118129 117.787072
-152.816106 81.061826 117.974140
-152.998781 81.005432 118.158879
-153.179168 80.948948 118.341330
-153.357307 80.892376 118.521533
-153.533237 80.835716 118.699526
-153.706995 80.778972 118.875348
-153.878618 80.722143 119.049035
-154.048142 80.665232 119.220624
-154.215603 80.608239 119.390148
-154.381034 80.551167 119.557644
-154.544469 80.494016 119.723144
-154.705942 80.436788 119.886681
-154.865485 80.379485 120.048288
-155.023128 80.322107 120.207996
-155.178905 80.264655 120.365837
-155.332844 80.207132 120.521841
-155.484975 80.149538 120.676037
-155.635329 80.091874 120.828455
-155.783933 80.034143 120.979124
-155.930816 79.976344 121.128071
-156.076005 79.918479 121.275325
-156.219528 79.860549 121.420913
-156.361411 79.802556 121.564861
-156.501679 79.744500 121.707194
-156.640360 79.686383 121.847940
-156.777477 79.628205 121.987122
-156.913055 79.569968 122.124765
-157.047119 79.511672 122.260894
-157.179691 79.453318 122.395531
-157.310796 79.394908 122.528701
-157.440456 79.336443 122.660426
-157.568692 79.277922 122.790728
-157.695528 79.219348 122.919629
-157.820985 79.160721 123.047151
-157.945082 79.102041 123.173314
-158.067842 79.043311 123.298140
-158.189285 78.984530 123.421648
-158.309430 78.925699 123.543859
-158.428297 78.866819 123.664791
-158.545904 78.807892 123.784464
-158.662272 78.748917 123.902898
-158.777417 78.689895 124.020109
-158.891359 78.630827 124.136117
-159.004115 78.571715 124.250939
-159.115702 78.512557 124.364592
-159.226138 78.453356 124.477094
-159.335439 78.394112 124.588461
-159.443622 78.334825 124.698710
-159.550703 78.275497 124.807857
-159.656697 78.216127 124.915918
-159.761621 78.156717 125.022909
-159.865490 78.097266 125.128844
-159.968319 78.037777 125.233740
-160.070122 77.978248 125.337609
-160.170914 77.918681 125.440468
-160.270709 77.859077 125.542331
-160.369522 77.799435 125.643210
-160.467366 77.739757 125.743121
-160.564254 77.680043 125.842077
-160.660200 77.620293 125.940090
-160.755217 77.560509 126.037174
-160.849318 77.500689 126.133342
-160.942514 77.440836 126.228606
-161.034820 77.380949 126.322979
-161.126245 77.321029 126.416472
-161.216804 77.261077 126.509098
-161.306507 77.201092 126.600869
-161.395365 77.141076 126.691795
-161.483391 77.081028 126.781889
-161.570595 77.020950 126.871161
-161.656988 76.960841 126.959623
-161.742582 76.900702 127.047284
-161.827386 76.840533 127.134156
-161.911411 76.780336 127.220250
-161.994667 76.720109 127.305574
-162.077164 76.659855 127.390140
-162.158912 76.599572 127.473957
-162.239922 76.539261 127.557035
-162.320201 76.478924 127.639384
-162.399761 76.418559 127.721012
-162.478609 76.358168 127.801930
-162.556756 76.297750 127.882146
-162.634210 76.237307 127.961669
-162.710979 76.176838 128.040508
-162.787073 76.116344 128.118672
-162.862500 76.055826 128.196168
-162.937269 75.995282 128.273007
-163.011387 75.934715 128.349195
-163.084863 75.874123 128.424741
-163.157704 75.813508 128.499652
-163.229920 75.752869 128.573938
-163.301516 75.692208 128.647605
-163.372502 75.631524 128.720661
-163.442884 75.570817 128.793113
-163.512669 75.510088 128.864969
-163.581866 75.449338 128.936237
-163.650480 75.388565 129.006922
-163.718520 75.327772 129.077033
-163.785992 75.266957 129.146577
-163.852903 75.206122 129.215559
-163.919260 75.145265 129.283987
-163.985068 75.084389 129.351867
-164.050336 75.023492 129.419206
-164.115068 74.962576 129.486010
-164.179272 74.901640 129.552286
-164.242953 74.840685 129.618039
-164.306118 74.779710 129.683277
-164.368773 74.718717 129.748004
-164.430923 74.657705 129.812227
-164.492575 74.596675 129.875951
-164.553735 74.535626 129.939183
-164.614407 74.474559 130.001928
-165.129554 74.475124 130.466484
-167.002811 74.670542 132.167583
-170.268897 75.027446 135.217742
-174.907835 75.448343 139.665133
179.284962 75.830076 145.313507
172.555013 76.086438 151.914783
165.201206 76.152622 159.166281
157.575751 75.987839 166.711734
150.037833 75.576135 174.188108
142.889643 74.923435 -178.710219
136.332347 74.051122 -172.187369
130.459883 72.988488 -166.339770
125.281502 71.766500 -161.178755
120.753605 70.413913 -156.662456
116.807091 68.955512 -152.723223
113.365649 67.411744 -149.285965
110.355914 65.799068 -146.278366
107.712091 64.130565 -143.635546
105.377361 62.416581 -141.301503
103.303667 60.665306 -139.228930
101.450787 58.883247 -137.378310
99.785199 57.075607 -135.716805
98.278976 55.246579 -134.217163
96.908781 53.399574 -132.856732
95.655021 51.537399 -131.616632
94.501133 49.662392 -130.481052
93.432989 47.776535 -129.436681
92.438400 45.881542 -128.472236
91.506679 43.978939 -127.578062
90.628250 42.070145 -126.745796
89.801757 40.171481 -125.973074
89.055013 38.362355 -125.277461
88.406614 36.714138 -124.670638
87.860179 35.268728 -124.154457
87.411025 34.044747 -123.725313
87.050324 33.043280 -123.376818
86.767590 32.252950 -123.101335
86.552072 31.654216 -122.890822
86.393513 31.222865 -122.737301
86.282509 30.932730 -122.633097
86.210664 30.757713 -122.570982
86.170604 30.673199 -122.544257
86.155950 30.656970 -122.546796
86.161242 30.689706 -122.573077
86.181865 30.755186 -122.618202
86.213961 30.840247 -122.677891
86.254354 30.934593 -122.748476
86.300468 31.030501 -122.826871
86.350249 31.122473 -122.910539
86.402101 31.206873 -122.997446
86.454812 31.281562 -123.086005
86.507494 31.345572 -123.175024
86.559525 31.398807 -123.263643
86.610496 31.441783 -123.351280
86.660171 31.475419 -123.437576
86.708438 31.500868 -123.522346
86.755283 31.519378 -123.605539
86.800761 31.532202 -123.687197
86.844969 31.540523 -123.767427
86.888033 31.545414 -123.846377
86.930096 31.547810 -123.924213
86.971299 31.548500 -124.001108
87.011784 31.548127 -124.077232
87.051682 31.547197 -124.152741
87.091113 31.546093 -124.227776
87.130183 31.545089 -124.302461
87.168984 31.544371 -124.376900
87.207594 31.544050 -124.451178
87.246077 31.544181 -124.525364
87.284486 31.544776 -124.599510
87.322861 31.545814 -124.673658
87.361234 31.547257 -124.747834
87.399628 31.549050 -124.822058
87.438057 31.551137 -124.896341
87.476533 31.553459 -124.970688
87.515060 31.555958 -125.045099
87.553641 31.558585 -125.119573
87.592275 31.561293 -125.194105
87.630959 31.564044 -125.268688
87.669688 31.566807 -125.343318
87.708459 31.569556 -125.417986
87.747266 31.572273 -125.492688
87.786104 31.574942 -125.567416
87.824968 31.577555 -125.642166
87.863854 31.580106 -125.716933
87.902758 31.582591 -125.791713
87.941675 31.585009 -125.866503
87.980604 31.587362 -125.941300
88.019540 31.589650 -126.016103
88.058484 31.591876 -126.090909
88.097432 31.594042 -126.165719
88.136383 31.596152 -126.240530
88.175338 31.598207 -126.315343
88.214294 31.600211 -126.390157
88.253253 31.602166 -126.464973
88.292212 31.604072 -126.539790
88.331174 31.605933 -126.614609
88.370137 31.607749 -126.689430
88.409102 31.609521 -126.764252
88.448068 31.611250 -126.839076
88.487037 31.612937 -126.913903
88.526008 31.614581 -126.988732
88.564981 31.616183 -127.063564
88.603956 31.617743 -127.138399
88.642934 31.619261 -127.213236
88.681914 31.620737 -127.288076
88.720897 31.622170 -127.362919
88.759883 31.623562 -127.437764
88.798871 31.624911 -127.512613
88.837862 31.626217 -127.587464
88.876856 31.627480 -127.662318
88.915852 31.628701 -127.737175
88.954850 31.629879 -127.812034
88.993851 31.631014 -127.886896
89.032854 31.632106 -127.961760
89.071859 31.633154 -128.036627
89.110867 31.634160 -128.111496
89.149877 31.635122 -128.186367
89.188888 31.636041 -128.261240
89.227901 31.636917 -128.336115
89.266916 31.637750 -128.410992
89.305933 31.638539 -128.485872
89.344951 31.639285 -128.560753
89.383971 31.639988 -128.635635
89.422992 31.640648 -128.710520
89.462014 31.641265 -128.785406
89.501038 31.641838 -128.860293
89.540062 31.642368 -128.935182
89.579088 31.642855 -129.010073
89.618115 31.643299 -129.084964
89.657142 31.643699 -129.159857
89.696170 31.644057 -129.234751
89.735199 31.644371 -129.309646
89.774229 31.644642 -129.384542
89.813259 31.644870 -129.459440
89.852289 31.645054 -129.534338
89.891320 31.645195 -129.609236
89.930351 31.645294 -129.684136
89.969382 31.645349 -129.759036
90.008413 31.645360 -129.833937
90.047445 31.645329 -129.908839
90.086476 31.645254 -129.983740
90.125507 31.645136 -130.058643
90.164538 31.644975 -130.133545
90.203568 31.644771 -130.208448
90.242598 31.644524 -130.283351
90.281628 31.644233 -130.358255
90.320657 31.643899 -130.433158
90.359685 31.643522 -130.508061
90.398713 31.643102 -130.582965
90.437740 31.642638 -130.657868
90.476766 31.642131 -130.732771
90.515791 31.641582 -130.807673
90.554815 31.640988 -130.882576
90.593837 31.640352 -130.957477
90.632859 31.639673 -131.032379
90.671879 31.638950 -131.107279
90.710898 31.638184 -131.182180
90.749915 31.637375 -131.257079
90.788930 31.636523 -131.331978
90.827944 31.635628 -131.406875
90.866956 31.634689 -131.481772
90.905967 31.633707 -131.556668
90.944975 31.632683 -131.631563
90.983982 31.631615 -131.706457
91.022986 31.630503 -131.781349
91.061988 31.629349 -131.856241
91.100988 31.628151 -131.931131
91.139985 31.626911 -132.006019
91.178981 31.625627 -132.080906
91.217973 31.624300 -132.155792
91.256963 31.622930 -132.230676
91.295951 31.621516 -132.305558
91.334935 31.620060 -132.380438
91.373917 31.618560 -132.455317
91.412896 31.617017 -132.530194
91.451872 31.615431 -132.605069
91.490845 31.613802 -132.679942
91.529814 31.612130 -132.754813
91.568781 31.610415 -132.829681
91.607744 31.608656 -132.904548
91.646703 31.606855 -132.979412
91.685659 31.605010 -133.054274
91.724612 31.603122 -133.129133
91.763561 31.601191 -133.203990
91.802506 31.599217 -133.278845
91.841447 31.597200 -133.353696
91.880384 31.595140 -133.428545
91.919318 31.593037 -133.503392
91.958247 31.590890 -133.578235
91.997172 31.588701 -133.653076
92.036093 31.586468 -133.727913
92.075009 31.584193 -133.802748
92.113921 31.581874 -133.877579
92.152828 31.579513 -133.952407
92.191731 31.577108 -134.027232
92.230629 31.574661 -134.102054
92.269523 31.572170 -134.176872
92.308412 31.569636 -134.251687
92.347295 31.567060 -134.326498
92.386174 31.564440 -134.401306
92.425047 31.561777 -134.476110
92.463916 31.559072 -134.550910
92.502779 31.556323 -134.625706
92.541637 31.553531 -134.700499
92.580489 31.550697 -134.775288
92.619336 31.547819 -134.850072
92.658178 31.544899 -134.924853
92.697013 31.541935 -134.999629
92.735843 31.538929 -135.074401
92.774667 31.535880 -135.149169
92.813485 31.532788 -135.223933
92.852297 31.529652 -135.298692
92.891104 31.526474 -135.373447
92.929903 31.523254 -135.448197
92.968697 31.519990 -135.522942
93.007484 31.516684 -135.597683
93.046265 31.513334 -135.672419
93.085040 31.509942 -135.747150
93.123807 31.506508 -135.821876
93.162569 31.503030 -135.896598
93.201323 31.499509 -135.971314
93.240071 31.495946 -136.046025
93.278811 31.492340 -136.120731
93.317545 31.488691 -136.195432
93.356272 31.484999 -136.270128
93.394991 31.481265 -136.344818
93.433703 31.477487 -136.419502
93.472409 31.473667 -136.494182
93.511107 31.469805 -136.568856
93.549800 31.465901 -136.643525
93.588485 31.461955 -136.718189
93.627163 31.457966 -136.792847
93.665832 31.453934 -136.867500
93.704494 31.449859 -136.942146
93.743148 31.445741 -137.016787
93.781794 31.441581 -137.091421
93.820431 31.437377 -137.166049
93.859060 31.433131 -137.240671
93.897681 31.428842 -137.315286
94.019571 31.533152 -137.413628
94.407130 31.961694 -137.618576
95.078966 32.705835 -137.988788
95.996503 33.723183 -138.558917
97.105542 34.930256 -139.310145
98.370753 36.260767 -140.222447
99.770517 37.667374 -141.281701
101.292292 39.116087 -142.478324
102.929655 40.582235 -143.806334
104.680381 42.047595 -145.262634
106.545159 43.498345 -146.846433
108.526703 44.923621 -148.558753
110.629094 46.314490 -150.401983
112.857266 47.663235 -152.379464
115.216558 48.962855 -154.495082
117.712280 50.206725 -156.752841
120.349275 51.388373 -159.156411
123.131445 52.501347 -161.708633
126.061232 53.539167 -164.410993
129.139079 54.495326 -167.263047
132.362871 55.363368 -170.261858
135.727413 56.137005 -173.401452
139.223998 56.810296 -176.672375
142.840134 57.377857 179.938589
146.559514 57.835110 176.448462
150.362275 58.178545 172.877819
154.225602 58.405980 169.250198
158.124654 58.516813 165.591178
162.030518 58.512186 161.929978
165.822387 58.396023 158.375009
169.314014 58.187291 155.092549
172.390736 57.919048 152.187337
175.003965 57.626771 149.705356
177.152698 57.340688 147.649460
178.866145 57.082348 145.994805
-179.809918 56.864212 144.701176
-178.822633 56.690938 143.721607
-178.118073 56.561361 143.007838
-177.644784 56.470509 142.513521
-177.355713 56.411363 142.195975
-177.209133 56.376200 142.017044
-177.168980 56.357537 141.943448
-177.204822 56.348710 141.946805
-177.291606 56.344177 142.003475
-177.409253 56.339609 142.094258
-177.542172 56.331851 142.204007
-177.678699 56.318792 142.321177
-177.810529 56.299203 142.437340
-177.932142 56.272556 142.546694
-178.040254 56.238857 142.645573
-178.133318 56.198493 142.732003
-178.211077 56.152100 142.805290
-178.274187 56.100458 142.865670
-178.323896 56.044407 142.914007
-178.361795 55.984786 142.951553
-178.389626 55.922389 142.979760
-178.409137 55.857934 143.000138
-178.421985 55.792047 143.014155
-178.429675 55.725256 143.023168
-178.433524 55.657989 143.028384
-178.434647 55.590579 143.030841
-178.433960 55.523276 143.031405
-178.432193 55.456253 143.030775
-178.429905 55.389622 143.029497
-178.427512 55.323443 143.027984
-178.425306 55.257734 143.026533
-178.423477 55.192486 143.025345
-178.422137 55.127668 143.024546
-178.421336 55.063235 143.024201
-178.421080 54.999133 143.024331
-178.421343 54.935309 143.024925
-178.422081 54.871708 143.025949
-178.423235 54.808280 143.027358
-178.424745 54.744980 143.029099
-178.426547 54.681768 143.031118
-178.428584 54.618612 143.033362
-178.430801 54.555485 143.035781
-178.433152 54.492368 143.038334
-178.435596 54.429244 143.040980
-178.438100 54.366103 143.043690
-178.440638 54.302939 143.046438
-178.443189 54.239748 143.049202
-178.445738 54.176528 143.051969
-178.448274 54.113281 143.054726
-178.450789 54.050007 143.057465
-178.453278 53.986711 143.060183
-178.455740 53.923395 143.062875
-178.458173 53.860061 143.065542
-178.460579 53.796714 143.068183
-178.462959 53.733357 143.070798
-178.465314 53.669991 143.073390
-178.467647 53.606619 143.075961
-178.469959 53.543244 143.078512
-178.472254 53.479867 143.081046
-178.474533 53.416488 143.083563
-178.476798 53.353110 143.086066
-178.479049 53.289732 143.088557
-178.481290 53.226355 143.091035
-178.483520 53.162979 143.093504
-178.485740 53.099605 143.095962
-178.487952 53.036232 143.098412
-178.490155 52.972860 143.100853
-178.492350 52.909489 143.103286
-178.494538 52.846119 143.105711
-178.496718 52.782749 143.108128
-178.498890 52.719381 143.110537
-178.501056 52.656012 143.112939
-178.503213 52.592644 143.115334
-178.505363 52.529276 143.117721
-178.507506 52.465908 143.120100
-178.509641 52.402540 143.122472
-178.511769 52.339172 143.124836
-178.513889 52.275804 143.127193
-178.516002 52.212435 143.129541
-178.518107 52.149066 143.131883
-178.520205 52.085697 143.134216
-178.522294 52.022327 143.136542
-178.524377 51.958957 143.138860
-178.526451 51.895587 143.141171
-178.528518 51.832217 143.143474
-178.530578 51.768846 143.145769
-178.532630 51.705475 143.148057
-178.534674 51.642104 143.150337
-178.536711 51.578732 143.152610
-178.538741 51.515360 143.154875
-178.540763 51.451988 143.157133
-178.542778 51.388616 143.159383
-178.544786 51.325243 143.161626
-178.546786 51.261871 143.163861
-178.548779 51.198498 143.166090
-178.550765 51.135125 143.168311
-178.552743 51.071751 143.170524
-178.554715 51.008378 143.172731
-178.556679 50.945004 143.174930
-178.558637 50.881630 143.177122
-178.560587 50.818255 143.179308
-178.562530 50.754881 143.181486
-178.564467 50.691506 143.183657
-178.566396 50.628131 143.185821
-178.568318 50.564756 143.187978
-178.570234 50.501381 143.190129
-178.572143 50.438005 143.192272
-178.574045 50.374629 143.194408
-178.575940 50.311253 143.196538
-178.577829 50.247877 143.198661
-178.579711 50.184500 143.200777
-178.581586 50.121124 143.202887
-178.583455 50.057747 143.204990
-178.585316 49.994370 143.207086
-178.587172 49.930992 143.209175
-178.589021 49.867615 143.211258
-178.590863 49.804237 143.213334
-178.592699 49.740859 143.215404
-178.594528 49.677480 143.217468
-178.596351 49.614102 143.219524
-178.598168 49.550723 143.221575
-178.599978 49.487344 143.223619
-178.601782 49.423965 143.225656
-178.603579 49.360586 143.227687
-178.605371 49.297206 143.229712
-178.607156 49.233826 143.231731
-178.608934 49.170446 143.233743
-178.610707 49.107066 143.235749
-178.612473 49.043685 143.237749
-178.614234 48.980305 143.239743
-178.615988 48.916924 143.241730
-178.617736 48.853543 143.243712
-178.619478 48.790161 143.245687
-178.621214 48.726780 143.247656
-178.622944 48.663398 143.249620
-178.624668 48.600016 143.251577
-178.626386 48.536633 143.253528
-178.628098 48.473251 143.255473
-178.629804 48.409868 143.257413
-178.631505 48.346485 143.259346
-178.633199 48.283102 143.261274
-178.634888 48.219719 143.263195
-178.636571 48.156335 143.265111
-178.638248 48.092951 143.267021
-178.639920 48.029567 143.268925
