-5.739495e-013 -4.686808e+003 5.998840e+003
8.425563e+000 -4.686805e+003 5.998837e+003
1.685111e+001 -4.686796e+003 5.998826e+003
2.527665e+001 -4.686782e+003 5.998807e+003
3.370215e+001 -4.686762e+003 5.998782e+003
4.212761e+001 -4.686736e+003 5.998749e+003
5.055301e+001 -4.686704e+003 5.998708e+003
5.897836e+001 -4.686667e+003 5.998660e+003
6.740363e+001 -4.686624e+003 5.998605e+003
7.582882e+001 -4.686575e+003 5.998543e+003
8.425392e+001 -4.686521e+003 5.998473e+003
9.267892e+001 -4.686460e+003 5.998396e+003
1.011038e+002 -4.686394e+003 5.998311e+003
1.095286e+002 -4.686323e+003 5.998219e+003
1.179532e+002 -4.686245e+003 5.998120e+003
1.263777e+002 -4.686162e+003 5.998014e+003
1.348020e+002 -4.686073e+003 5.997900e+003
1.432261e+002 -4.685978e+003 5.997779e+003
1.516501e+002 -4.685878e+003 5.997650e+003
1.600739e+002 -4.685772e+003 5.997514e+003
1.684975e+002 -4.685660e+003 5.997371e+003
1.769209e+002 -4.685542e+003 5.997220e+003
1.853441e+002 -4.685418e+003 5.997062e+003
1.937671e+002 -4.685289e+003 5.996897e+003
2.021898e+002 -4.685154e+003 5.996724e+003
2.106122e+002 -4.685014e+003 5.996544e+003
2.190344e+002 -4.684867e+003 5.996357e+003
2.274564e+002 -4.684715e+003 5.996162e+003
2.358780e+002 -4.684557e+003 5.995960e+003
2.442994e+002 -4.684394e+003 5.995751e+003
2.527205e+002 -4.684224e+003 5.995534e+003
2.611413e+002 -4.684049e+003 5.995310e+003
2.695617e+002 -4.683869e+003 5.995078e+003
2.779818e+002 -4.683682e+003 5.994840e+003
2.864016e+002 -4.683490e+003 5.994593e+003
2.948210e+002 -4.683292e+003 5.994340e+003
3.032401e+002 -4.683088e+003 5.994079e+003
3.116588e+002 -4.682878e+003 5.993811e+003
3.200771e+002 -4.682663e+003 5.993536e+003
3.284950e+002 -4.682442e+003 5.993253e+003
3.369125e+002 -4.682216e+003 5.992963e+003
3.453296e+002 -4.681983e+003 5.992665e+003
3.537463e+002 -4.681745e+003 5.992360e+003
3.621625e+002 -4.681501e+003 5.992048e+003
3.705783e+002 -4.681251e+003 5.991729e+003
3.789937e+002 -4.680996e+003 5.991402e+003
3.874085e+002 -4.680735e+003 5.991067e+003
3.958230e+002 -4.680468e+003 5.990726e+003
4.042369e+002 -4.680195e+003 5.990377e+003
4.126503e+002 -4.679917e+003 5.990021e+003
4.210632e+002 -4.679633e+003 5.989657e+003
4.294756e+002 -4.679343e+003 5.989286e+003
4.378875e+002 -4.679048e+003 5.988908e+003
4.462989e+002 -4.678747e+003 5.988522e+003
4.547097e+002 -4.678440e+003 5.988130e+003
4.631199e+002 -4.678127e+003 5.987729e+003
4.715296e+002 -4.677808e+003 5.987322e+003
4.799387e+002 -4.677484e+003 5.986907e+003
4.883472e+002 -4.677154e+003 5.986485e+003
4.967551e+002 -4.676819e+003 5.986055e+003
5.051624e+002 -4.676477e+003 5.985618e+003
5.135691e+002 -4.676130e+003 5.985174e+003
5.219751e+002 -4.675777e+003 5.984722e+003
5.303805e+002 -4.675419e+003 5.984263e+003
5.387853e+002 -4.675055e+003 5.983797e+003
5.471894e+002 -4.674685e+003 5.983324e+003
5.555928e+002 -4.674309e+003 5.982843e+003
5.639956e+002 -4.673927e+003 5.982354e+003
5.723976e+002 -4.673540e+003 5.981859e+003
5.807990e+002 -4.673147e+003 5.981356e+003
5.891997e+002 -4.672749e+003 5.980846e+003
5.975996e+002 -4.672344e+003 5.980328e+003
6.059988e+002 -4.671934e+003 5.979803e+003
6.143972e+002 -4.671519e+003 5.979271e+003
6.227949e+002 -4.671097e+003 5.978732e+003
6.311919e+002 -4.670670e+003 5.978185e+003
6.395880e+002 -4.670237e+003 5.977631e+003
6.479834e+002 -4.669798e+003 5.977069e+003
6.563780e+002 -4.669354e+003 5.976500e+003
6.647718e+002 -4.668904e+003 5.975924e+003
6.731648e+002 -4.668448e+003 5.975341e+003
6.815569e+002 -4.667986e+003 5.974750e+003
6.899482e+002 -4.667519e+003 5.974152e+003
6.983387e+002 -4.667046e+003 5.973546e+003
7.067283e+002 -4.666567e+003 5.972934e+003
7.151170e+002 -4.666083e+003 5.972314e+003
7.235049e+002 -4.665593e+003 5.971686e+003
7.318919e+002 -4.665097e+003 5.971052e+003
7.402780e+002 -4.664595e+003 5.970410e+003
7.486631e+002 -4.664088e+003 5.969760e+003
7.570474e+002 -4.663575e+003 5.969104e+003
7.654307e+002 -4.663056e+003 5.968440e+003
7.738131e+002 -4.662532e+003 5.967769e+003
7.821946e+002 -4.662002e+003 5.967090e+003
7.905751e+002 -4.661466e+003 5.966404e+003
7.989546e+002 -4.660924e+003 5.965711e+003
8.073331e+002 -4.660377e+003 5.965011e+003
8.157107e+002 -4.659824e+003 5.964303e+003
8.240872e+002 -4.659265e+003 5.963588e+003
8.324628e+002 -4.658701e+003 5.962865e+003
8.408373e+002 -4.658131e+003 5.962136e+003
8.492108e+002 -4.657555e+003 5.961399e+003
8.575832e+002 -4.656974e+003 5.960654e+003
8.659547e+002 -4.656386e+003 5.959903e+003
8.743250e+002 -4.655793e+003 5.959144e+003
8.826943e+002 -4.655195e+003 5.958378e+003
8.910625e+002 -4.654591e+003 5.957604e+003
8.994296e+002 -4.653981e+003 5.956823e+003
9.077956e+002 -4.653365e+003 5.956035e+003
9.161604e+002 -4.652743e+003 5.955240e+003
9.245242e+002 -4.652116e+003 5.954437e+003
9.328868e+002 -4.651483e+003 5.953627e+003
9.412483e+002 -4.650845e+003 5.952810e+003
9.496087e+002 -4.650201e+003 5.951985e+003
9.579678e+002 -4.649551e+003 5.951154e+003
9.663258e+002 -4.648895e+003 5.950314e+003
9.746826e+002 -4.648234e+003 5.949468e+003
9.830383e+002 -4.647567e+003 5.948614e+003
9.913927e+002 -4.646894e+003 5.947753e+003
9.997459e+002 -4.646216e+003 5.946885e+003
1.008098e+003 -4.645532e+003 5.946009e+003
1.016449e+003 -4.644842e+003 5.945127e+003
1.024798e+003 -4.644146e+003 5.944236e+003
1.033146e+003 -4.643445e+003 5.943339e+003
1.041493e+003 -4.642738e+003 5.942434e+003
1.049839e+003 -4.642026e+003 5.941522e+003
1.058183e+003 -4.641308e+003 5.940603e+003
1.066527e+003 -4.640584e+003 5.939676e+003
1.074868e+003 -4.639854e+003 5.938743e+003
1.083209e+003 -4.639119e+003 5.937802e+003
1.091548e+003 -4.638378e+003 5.936853e+003
1.099886e+003 -4.637631e+003 5.935898e+003
1.108222e+003 -4.636879e+003 5.934935e+003
1.116557e+003 -4.636121e+003 5.933964e+003
1.124891e+003 -4.635357e+003 5.932987e+003
1.133224e+003 -4.634588e+003 5.932002e+003
1.141555e+003 -4.633813e+003 5.931010e+003
1.149884e+003 -4.633032e+003 5.930011e+003
1.158212e+003 -4.632246e+003 5.929004e+003
1.166539e+003 -4.631454e+003 5.927991e+003
1.174864e+003 -4.630656e+003 5.926970e+003
1.183188e+003 -4.629853e+003 5.925941e+003
1.191511e+003 -4.629044e+003 5.924906e+003
1.199832e+003 -4.628229e+003 5.923863e+003
1.208151e+003 -4.627409e+003 5.922813e+003
1.216469e+003 -4.626583e+003 5.921756e+003
1.224786e+003 -4.625751e+003 5.920691e+003
1.233101e+003 -4.624913e+003 5.919619e+003
1.241415e+003 -4.624070e+003 5.918540e+003
1.249727e+003 -4.623222e+003 5.917454e+003
1.258037e+003 -4.622367e+003 5.916360e+003
1.266346e+003 -4.621507e+003 5.915259e+003
1.274653e+003 -4.620641e+003 5.914151e+003
1.282959e+003 -4.619770e+003 5.913036e+003
1.291263e+003 -4.618893e+003 5.911913e+003
1.299566e+003 -4.618010e+003 5.910784e+003
1.307867e+003 -4.617122e+003 5.909647e+003
1.316167e+003 -4.616228e+003 5.908502e+003
1.324465e+003 -4.615328e+003 5.907351e+003
1.332761e+003 -4.614423e+003 5.906192e+003
1.341055e+003 -4.613512e+003 5.905026e+003
1.349348e+003 -4.612595e+003 5.903853e+003
1.357640e+003 -4.611673e+003 5.902672e+003
1.365929e+003 -4.610745e+003 5.901485e+003
1.374217e+003 -4.609811e+003 5.900290e+003
1.382504e+003 -4.608872e+003 5.899087e+003
1.390788e+003 -4.607927e+003 5.897878e+003
1.399071e+003 -4.606977e+003 5.896662e+003
1.407352e+003 -4.606021e+003 5.895438e+003
1.415632e+003 -4.605059e+003 5.894207e+003
1.423910e+003 -4.604091e+003 5.892968e+003
1.432186e+003 -4.603118e+003 5.891723e+003
1.440460e+003 -4.602140e+003 5.890470e+003
1.448732e+003 -4.601155e+003 5.889210e+003
1.457003e+003 -4.600165e+003 5.887943e+003
1.465272e+003 -4.599170e+003 5.886669e+003
1.473539e+003 -4.598168e+003 5.885387e+003
1.481804e+003 -4.597162e+003 5.884098e+003
1.490068e+003 -4.596149e+003 5.882802e+003
1.498330e+003 -4.595131e+003 5.881499e+003
1.506589e+003 -4.594107e+003 5.880189e+003
1.514847e+003 -4.593078e+003 5.878871e+003
1.523103e+003 -4.592043e+003 5.877547e+003
1.531358e+003 -4.591002e+003 5.876215e+003
1.539610e+003 -4.589956e+003 5.874875e+003
1.547861e+003 -4.588904e+003 5.873529e+003
1.556109e+003 -4.587846e+003 5.872175e+003
1.564356e+003 -4.586783e+003 5.870815e+003
1.572601e+003 -4.585714e+003 5.869447e+003
1.580844e+003 -4.584640e+003 5.868072e+003
1.589085e+003 -4.583560e+003 5.866689e+003
1.597324e+003 -4.582474e+003 5.865300e+003
1.605561e+003 -4.581383e+003 5.863903e+003
1.613796e+003 -4.580286e+003 5.862499e+003
1.622029e+003 -4.579184e+003 5.861088e+003
1.630260e+003 -4.578076e+003 5.859670e+003
1.638489e+003 -4.576962e+003 5.858244e+003
1.646716e+003 -4.575843e+003 5.856812e+003
1.654941e+003 -4.574718e+003 5.855372e+003
1.663164e+003 -4.573587e+003 5.853925e+003
1.671385e+003 -4.572451e+003 5.852471e+003
1.679604e+003 -4.571310e+003 5.851009e+003
1.687821e+003 -4.570162e+003 5.849541e+003
1.696036e+003 -4.569009e+003 5.848065e+003
1.704248e+003 -4.567851e+003 5.846583e+003
1.712459e+003 -4.566687e+003 5.845093e+003
1.720668e+003 -4.565517e+003 5.843596e+003
1.728874e+003 -4.564342e+003 5.842091e+003
1.737079e+003 -4.563161e+003 5.840580e+003
1.745281e+003 -4.561975e+003 5.839061e+003
1.753481e+003 -4.560783e+003 5.837535e+003
1.761679e+003 -4.559585e+003 5.836003e+003
1.769875e+003 -4.558382e+003 5.834463e+003
1.778068e+003 -4.557173e+003 5.832915e+003
1.786260e+003 -4.555959e+003 5.831361e+003
1.794449e+003 -4.554739e+003 5.829800e+003
1.802636e+003 -4.553513e+003 5.828231e+003
1.810821e+003 -4.552282e+003 5.826655e+003
1.819003e+003 -4.551045e+003 5.825072e+003
1.827184e+003 -4.549803e+003 5.823482e+003
1.835362e+003 -4.548555e+003 5.821885e+003
1.843538e+003 -4.547302e+003 5.820281e+003
1.851711e+003 -4.546043e+003 5.818669e+003
1.859883e+003 -4.544778e+003 5.817051e+003
1.868052e+003 -4.543508e+003 5.815425e+003
1.876219e+003 -4.542232e+003 5.813792e+003
1.884383e+003 -4.540951e+003 5.812152e+003
1.892545e+003 -4.539664e+003 5.810505e+003
1.900705e+003 -4.538372e+003 5.808851e+003
1.908863e+003 -4.537074e+003 5.807190e+003
1.917018e+003 -4.535771e+003 5.805522e+003
1.925171e+003 -4.534462e+003 5.803846e+003
1.933321e+003 -4.533147e+003 5.802163e+003
1.941470e+003 -4.531827e+003 5.800474e+003
1.949615e+003 -4.530501e+003 5.798777e+003
1.957759e+003 -4.529170e+003 5.797073e+003
1.965900e+003 -4.527833e+003 5.795362e+003
1.974038e+003 -4.526491e+003 5.793644e+003
1.982174e+003 -4.525143e+003 5.791919e+003
1.990308e+003 -4.523789e+003 5.790186e+003
1.998439e+003 -4.522430e+003 5.788447e+003
2.006568e+003 -4.521066e+003 5.786700e+003
2.014695e+003 -4.519696e+003 5.784947e+003
2.022818e+003 -4.518320e+003 5.783186e+003
2.030940e+003 -4.516939e+003 5.781418e+003
2.039059e+003 -4.515552e+003 5.779643e+003
2.047175e+003 -4.514160e+003 5.777862e+003
2.055289e+003 -4.512762e+003 5.776073e+003
2.063401e+003 -4.511359e+003 5.774276e+003
2.071510e+003 -4.509950e+003 5.772473e+003
2.079616e+003 -4.508536e+003 5.770663e+003
2.087720e+003 -4.507116e+003 5.768846e+003
2.095821e+003 -4.505691e+003 5.767021e+003
2.103920e+003 -4.504260e+003 5.765190e+003
2.112016e+003 -4.502824e+003 5.763352e+003
2.120109e+003 -4.501382e+003 5.761506e+003
2.128200e+003 -4.499934e+003 5.759653e+003
2.136288e+003 -4.498481e+003 5.757794e+003
2.144374e+003 -4.497023e+003 5.755927e+003
2.152457e+003 -4.495559e+003 5.754053e+003
2.160538e+003 -4.494090e+003 5.752172e+003
2.168615e+003 -4.492615e+003 5.750285e+003
2.176691e+003 -4.491134e+003 5.748390e+003
2.184763e+003 -4.489648e+003 5.746488e+003
2.192833e+003 -4.488157e+003 5.744579e+003
2.200900e+003 -4.486660e+003 5.742663e+003
2.208964e+003 -4.485157e+003 5.740740e+003
2.217026e+003 -4.483649e+003 5.738810e+003
2.225085e+003 -4.482136e+003 5.736873e+003
2.233141e+003 -4.480617e+003 5.734928e+003
2.241195e+003 -4.479093e+003 5.732977e+003
2.249246e+003 -4.477563e+003 5.731019e+003
2.257294e+003 -4.476027e+003 5.729054e+003
2.265339e+003 -4.474487e+003 5.727082e+003
2.273381e+003 -4.472940e+003 5.725102e+003
2.281421e+003 -4.471388e+003 5.723116e+003
2.289458e+003 -4.469831e+003 5.721123e+003
2.297492e+003 -4.468268e+003 5.719123e+003
2.305523e+003 -4.466700e+003 5.717115e+003
2.313552e+003 -4.465126e+003 5.715101e+003
2.321577e+003 -4.463547e+003 5.713080e+003
2.329600e+003 -4.461962e+003 5.711051e+003
2.337620e+003 -4.460372e+003 5.709016e+003
2.345637e+003 -4.458777e+003 5.706974e+003
2.353651e+003 -4.457176e+003 5.704925e+003
2.361663e+003 -4.455569e+003 5.702868e+003
2.369671e+003 -4.453957e+003 5.700805e+003
2.377677e+003 -4.452340e+003 5.698735e+003
2.385679e+003 -4.450717e+003 5.696658e+003
2.393679e+003 -4.449088e+003 5.694573e+003
2.401676e+003 -4.447455e+003 5.692482e+003
2.409669e+003 -4.445815e+003 5.690384e+003
2.417660e+003 -4.444171e+003 5.688279e+003
2.425648e+003 -4.442521e+003 5.686167e+003
2.433633e+003 -4.440865e+003 5.684048e+003
2.441615e+003 -4.439204e+003 5.681922e+003
2.449594e+003 -4.437538e+003 5.679789e+003
2.457570e+003 -4.435866e+003 5.677649e+003
2.465543e+003 -4.434188e+003 5.675502e+003
2.473513e+003 -4.432506e+003 5.673348e+003
2.481480e+003 -4.430817e+003 5.671188e+003
2.489443e+003 -4.429124e+003 5.669020e+003
2.497404e+003 -4.427425e+003 5.666845e+003
2.505362e+003 -4.425720e+003 5.664664e+003
2.513317e+003 -4.424010e+003 5.662475e+003
2.521268e+003 -4.422295e+003 5.660280e+003
2.529217e+003 -4.420574e+003 5.658077e+003
2.537162e+003 -4.418848e+003 5.655868e+003
2.545104e+003 -4.417117e+003 5.653652e+003
2.553044e+003 -4.415380e+003 5.651428e+003
2.560980e+003 -4.413637e+003 5.649198e+003
2.568913e+003 -4.411890e+003 5.646961e+003
2.576842e+003 -4.410136e+003 5.644717e+003
2.584769e+003 -4.408378e+003 5.642466e+003
2.592692e+003 -4.406614e+003 5.640209e+003
2.600613e+003 -4.404845e+003 5.637944e+003
2.608530e+003 -4.403070e+003 5.635672e+003
2.616444e+003 -4.401290e+003 5.633394e+003
2.624354e+003 -4.399504e+003 5.631108e+003
2.632262e+003 -4.397713e+003 5.628816e+003
2.640166e+003 -4.395917e+003 5.626517e+003
2.648067e+003 -4.394115e+003 5.624211e+003
2.655965e+003 -4.392308e+003 5.621898e+003
2.663859e+003 -4.390495e+003 5.619578e+003
2.671751e+003 -4.388678e+003 5.617251e+003
2.679638e+003 -4.386854e+003 5.614918e+003
2.687523e+003 -4.385026e+003 5.612577e+003
2.695405e+003 -4.383192e+003 5.610230e+003
2.703283e+003 -4.381352e+003 5.607875e+003
2.711157e+003 -4.379508e+003 5.605514e+003
2.719029e+003 -4.377658e+003 5.603146e+003
2.726897e+003 -4.375802e+003 5.600771e+003
2.734762e+003 -4.373941e+003 5.598390e+003
2.742623e+003 -4.372075e+003 5.596001e+003
2.750481e+003 -4.370204e+003 5.593606e+003
2.758336e+003 -4.368327e+003 5.591203e+003
2.766187e+003 -4.366445e+003 5.588794e+003
2.774035e+003 -4.364557e+003 5.586378e+003
2.781880e+003 -4.362664e+003 5.583955e+003
2.789721e+003 -4.360766e+003 5.581526e+003
2.797559e+003 -4.358862e+003 5.579089e+003
2.805393e+003 -4.356953e+003 5.576646e+003
2.813224e+003 -4.355039e+003 5.574196e+003
2.821051e+003 -4.353119e+003 5.571739e+003
2.828875e+003 -4.351195e+003 5.569275e+003
2.836696e+003 -4.349264e+003 5.566804e+003
2.844513e+003 -4.347329e+003 5.564327e+003
2.852326e+003 -4.345388e+003 5.561843e+003
2.860136e+003 -4.343441e+003 5.559352e+003
2.867943e+003 -4.341490e+003 5.556854e+003
2.875746e+003 -4.339533e+003 5.554349e+003
2.883545e+003 -4.337571e+003 5.551837e+003
2.891341e+003 -4.335603e+003 5.549319e+003
2.899134e+003 -4.333630e+003 5.546794e+003
2.906923e+003 -4.331652e+003 5.544262e+003
2.914708e+003 -4.329669e+003 5.541723e+003
2.922490e+003 -4.327680e+003 5.539178e+003
2.930268e+003 -4.325686e+003 5.536626e+003
2.938042e+003 -4.323687e+003 5.534067e+003
2.945813e+003 -4.321682e+003 5.531501e+003
2.953581e+003 -4.319672e+003 5.528928e+003
2.961345e+003 -4.317657e+003 5.526349e+003
2.969105e+003 -4.315636e+003 5.523763e+003
2.976861e+003 -4.313611e+003 5.521170e+003
2.984614e+003 -4.311579e+003 5.518570e+003
2.992363e+003 -4.309543e+003 5.515964e+003
3.000109e+003 -4.307501e+003 5.513350e+003
3.007851e+003 -4.305454e+003 5.510730e+003
3.015589e+003 -4.303402e+003 5.508104e+003
3.023323e+003 -4.301345e+003 5.505470e+003
3.031054e+003 -4.299282e+003 5.502830e+003
3.038781e+003 -4.297214e+003 5.500183e+003
3.046504e+003 -4.295141e+003 5.497529e+003
3.054224e+003 -4.293062e+003 5.494869e+003
3.061940e+003 -4.290978e+003 5.492202e+003
3.069652e+003 -4.288889e+003 5.489528e+003
3.077360e+003 -4.286795e+003 5.486848e+003
3.085065e+003 -4.284696e+003 5.484160e+003
3.092766e+003 -4.282591e+003 5.481466e+003
3.100463e+003 -4.280481e+003 5.478765e+003
3.108156e+003 -4.278365e+003 5.476058e+003
3.115845e+003 -4.276245e+003 5.473344e+003
3.123531e+003 -4.274119e+003 5.470623e+003
3.131212e+003 -4.271988e+003 5.467895e+003
3.138890e+003 -4.269852e+003 5.465161e+003
3.146564e+003 -4.267710e+003 5.462420e+003
3.154235e+003 -4.265564e+003 5.459672e+003
3.161901e+003 -4.263412e+003 5.456918e+003
3.169563e+003 -4.261255e+003 5.454157e+003
3.177222e+003 -4.259092e+003 5.451389e+003
3.184877e+003 -4.256925e+003 5.448615e+003
3.192528e+003 -4.254752e+003 5.445834e+003
3.200174e+003 -4.252574e+003 5.443046e+003
3.207817e+003 -4.250391e+003 5.440252e+003
3.215456e+003 -4.248202e+003 5.437451e+003
3.223092e+003 -4.246009e+003 5.434643e+003
3.230723e+003 -4.243810e+003 5.431829e+003
3.238350e+003 -4.241606e+003 5.429008e+003
3.245973e+003 -4.239396e+003 5.426180e+003
3.253592e+003 -4.237182e+003 5.423346e+003
3.261208e+003 -4.234962e+003 5.420505e+003
3.268819e+003 -4.232738e+003 5.417657e+003
3.276426e+003 -4.230508e+003 5.414803e+003
3.284029e+003 -4.228272e+003 5.411942e+003
3.291629e+003 -4.226032e+003 5.409074e+003
3.299224e+003 -4.223787e+003 5.406200e+003
3.306815e+003 -4.221536e+003 5.403320e+003
3.314402e+003 -4.219280e+003 5.400432e+003
3.321985e+003 -4.217019e+003 5.397538e+003
3.329564e+003 -4.214753e+003 5.394638e+003
3.337139e+003 -4.212481e+003 5.391730e+003
3.344710e+003 -4.210205e+003 5.388817e+003
3.352277e+003 -4.207923e+003 5.385896e+003
3.359839e+003 -4.205636e+003 5.382969e+003
3.367398e+003 -4.203344e+003 5.380035e+003
3.374952e+003 -4.201047e+003 5.377095e+003
3.382502e+003 -4.198745e+003 5.374148e+003
3.390048e+003 -4.196438e+003 5.371195e+003
3.397590e+003 -4.194125e+003 5.368235e+003
3.405128e+003 -4.191807e+003 5.365269e+003
3.412662e+003 -4.189484e+003 5.362296e+003
3.420191e+003 -4.187156e+003 5.359316e+003
3.427716e+003 -4.184823e+003 5.356330e+003
3.435237e+003 -4.182485e+003 5.353337e+003
3.442754e+003 -4.180142e+003 5.350337e+003
3.450267e+003 -4.177793e+003 5.347332e+003
3.457775e+003 -4.175440e+003 5.344319e+003
3.465279e+003 -4.173081e+003 5.341300e+003
3.472779e+003 -4.170717e+003 5.338275e+003
3.480275e+003 -4.168348e+003 5.335242e+003
3.487766e+003 -4.165974e+003 5.332204e+003
3.495253e+003 -4.163595e+003 5.329159e+003
3.502736e+003 -4.161211e+003 5.326107e+003
3.510215e+003 -4.158822e+003 5.323049e+003
3.517689e+003 -4.156427e+003 5.319984e+003
3.525159e+003 -4.154028e+003 5.316913e+003
3.532625e+003 -4.151623e+003 5.313835e+003
3.540086e+003 -4.149213e+003 5.310751e+003
3.547543e+003 -4.146798e+003 5.307660e+003
3.554995e+003 -4.144379e+003 5.304563e+003
3.562444e+003 -4.141954e+003 5.301459e+003
3.569888e+003 -4.139524e+003 5.298349e+003
3.577327e+003 -4.137089e+003 5.295232e+003
3.584762e+003 -4.134648e+003 5.292109e+003
3.592193e+003 -4.132203e+003 5.288979e+003
3.599619e+003 -4.129753e+003 5.285843e+003
3.607041e+003 -4.127298e+003 5.282700e+003
3.614459e+003 -4.124837e+003 5.279551e+003
3.621872e+003 -4.122372e+003 5.276395e+003
3.629281e+003 -4.119901e+003 5.273233e+003
3.636685e+003 -4.117426e+003 5.270065e+003
3.644084e+003 -4.114945e+003 5.266890e+003
3.651480e+003 -4.112460e+003 5.263708e+003
3.658871e+003 -4.109969e+003 5.260520e+003
3.666257e+003 -4.107473e+003 5.257326e+003
3.673639e+003 -4.104973e+003 5.254125e+003
3.681016e+003 -4.102467e+003 5.250918e+003
3.688389e+003 -4.099956e+003 5.247704e+003
3.695757e+003 -4.097440e+003 5.244484e+003
3.703121e+003 -4.094919e+003 5.241258e+003
3.710480e+003 -4.092394e+003 5.238025e+003
3.717835e+003 -4.089863e+003 5.234786e+003
3.725185e+003 -4.087327e+003 5.231540e+003
3.732531e+003 -4.084786e+003 5.228288e+003
3.739872e+003 -4.082240e+003 5.225029e+003
3.747208e+003 -4.079689e+003 5.221764e+003
3.754540e+003 -4.077133e+003 5.218493e+003
3.761867e+003 -4.074573e+003 5.215215e+003
3.769190e+003 -4.072007e+003 5.211931e+003
3.776508e+003 -4.069436e+003 5.208640e+003
3.783821e+003 -4.066860e+003 5.205343e+003
3.791130e+003 -4.064279e+003 5.202040e+003
3.798434e+003 -4.061693e+003 5.198730e+003
3.805734e+003 -4.059103e+003 5.195414e+003
3.813028e+003 -4.056507e+003 5.192092e+003
3.820318e+003 -4.053906e+003 5.188763e+003
3.827604e+003 -4.051301e+003 5.185428e+003
3.834885e+003 -4.048690e+003 5.182087e+003
3.842161e+003 -4.046074e+003 5.178739e+003
3.849432e+003 -4.043454e+003 5.175385e+003
3.856699e+003 -4.040828e+003 5.172024e+003
3.863961e+003 -4.038198e+003 5.168657e+003
3.871218e+003 -4.035562e+003 5.165284e+003
3.878470e+003 -4.032922e+003 5.161905e+003
3.885718e+003 -4.030277e+003 5.158519e+003
3.892961e+003 -4.027627e+003 5.155127e+003
3.900199e+003 -4.024971e+003 5.151728e+003
3.907432e+003 -4.022311e+003 5.148324e+003
3.914661e+003 -4.019646e+003 5.144913e+003
3.921885e+003 -4.016976e+003 5.141495e+003
3.929104e+003 -4.014302e+003 5.138072e+003
3.936318e+003 -4.011622e+003 5.134642e+003
3.943527e+003 -4.008937e+003 5.131205e+003
3.950732e+003 -4.006247e+003 5.127763e+003
3.957931e+003 -4.003553e+003 5.124314e+003
3.965126e+003 -4.000854e+003 5.120859e+003
3.972316e+003 -3.998149e+003 5.117398e+003
3.979501e+003 -3.995440e+003 5.113930e+003
3.986682e+003 -3.992726e+003 5.110456e+003
3.993857e+003 -3.990007e+003 5.106976e+003
4.001027e+003 -3.987283e+003 5.103490e+003
4.008193e+003 -3.984554e+003 5.099997e+003
4.015354e+003 -3.981821e+003 5.096498e+003
4.022509e+003 -3.979082e+003 5.092993e+003
4.029660e+003 -3.976339e+003 5.089481e+003
4.036806e+003 -3.973590e+003 5.085964e+003
4.043947e+003 -3.970837e+003 5.082440e+003
4.051083e+003 -3.968079e+003 5.078910e+003
4.058214e+003 -3.965316e+003 5.075374e+003
4.065340e+003 -3.962549e+003 5.071831e+003
4.072461e+003 -3.959776e+003 5.068282e+003
4.079577e+003 -3.956999e+003 5.064727e+003
4.086688e+003 -3.954216e+003 5.061166e+003
4.093794e+003 -3.951429e+003 5.057599e+003
4.100895e+003 -3.948637e+003 5.054025e+003
4.107991e+003 -3.945841e+003 5.050446e+003
4.115082e+003 -3.943039e+003 5.046860e+003
4.122168e+003 -3.940233e+003 5.043268e+003
4.129249e+003 -3.937421e+003 5.039669e+003
4.136325e+003 -3.934605e+003 5.036065e+003
4.143396e+003 -3.931784e+003 5.032454e+003
4.150462e+003 -3.928958e+003 5.028838e+003
4.157522e+003 -3.926128e+003 5.025215e+003
4.164578e+003 -3.923293e+003 5.021585e+003
4.171628e+003 -3.920452e+003 5.017950e+003
4.178673e+003 -3.917607e+003 5.014309e+003
4.185714e+003 -3.914758e+003 5.010661e+003
4.192749e+003 -3.911903e+003 5.007008e+003
4.199779e+003 -3.909044e+003 5.003348e+003
4.206803e+003 -3.906180e+003 4.999682e+003
4.213823e+003 -3.903311e+003 4.996010e+003
4.220838e+003 -3.900437e+003 4.992332e+003
4.227847e+003 -3.897558e+003 4.988647e+003
4.234851e+003 -3.894675e+003 4.984957e+003
4.241850e+003 -3.891787e+003 4.981260e+003
4.248844e+003 -3.888894e+003 4.977558e+003
4.255832e+003 -3.885997e+003 4.973849e+003
4.262816e+003 -3.883094e+003 4.970134e+003
4.269794e+003 -3.880187e+003 4.966413e+003
4.276767e+003 -3.877276e+003 4.962686e+003
4.283734e+003 -3.874359e+003 4.958953e+003
4.290697e+003 -3.871438e+003 4.955214e+003
4.297654e+003 -3.868512e+003 4.951469e+003
4.304606e+003 -3.865581e+003 4.947718e+003
4.311552e+003 -3.862645e+003 4.943960e+003
4.318493e+003 -3.859705e+003 4.940197e+003
4.325429e+003 -3.856760e+003 4.936428e+003
4.332360e+003 -3.853810e+003 4.932652e+003
4.339286e+003 -3.850856e+003 4.928870e+003
4.346206e+003 -3.847897e+003 4.925083e+003
4.353120e+003 -3.844933e+003 4.921289e+003
4.360030e+003 -3.841964e+003 4.917490e+003
4.366934e+003 -3.838991e+003 4.913684e+003
4.373833e+003 -3.836013e+003 4.909872e+003
4.380726e+003 -3.833030e+003 4.906055e+003
4.387614e+003 -3.830043e+003 4.902231e+003
4.394497e+003 -3.827051e+003 4.898401e+003
4.401374e+003 -3.824054e+003 4.894566e+003
4.408246e+003 -3.821052e+003 4.890724e+003
4.415112e+003 -3.818046e+003 4.886876e+003
4.421974e+003 -3.815035e+003 4.883023e+003
4.428829e+003 -3.812020e+003 4.879163e+003
4.435679e+003 -3.809000e+003 4.875297e+003
4.442524e+003 -3.805975e+003 4.871426e+003
4.449364e+003 -3.802945e+003 4.867548e+003
4.456197e+003 -3.799911e+003 4.863665e+003
4.463026e+003 -3.796872e+003 4.859775e+003
4.469849e+003 -3.793829e+003 4.855880e+003
4.476666e+003 -3.790781e+003 4.851978e+003
4.483478e+003 -3.787728e+003 4.848071e+003
4.490285e+003 -3.784671e+003 4.844158e+003
4.497086e+003 -3.781609e+003 4.840238e+003
4.503881e+003 -3.778542e+003 4.836313e+003
4.510671e+003 -3.775471e+003 4.832382e+003
4.517456e+003 -3.772395e+003 4.828445e+003
4.524235e+003 -3.769314e+003 4.824502e+003
4.531008e+003 -3.766229e+003 4.820553e+003
4.537776e+003 -3.763139e+003 4.816599e+003
4.544538e+003 -3.760045e+003 4.812638e+003
4.551295e+003 -3.756946e+003 4.808672e+003
4.558046e+003 -3.753842e+003 4.804699e+003
4.564792e+003 -3.750734e+003 4.800721e+003
4.571532e+003 -3.747621e+003 4.796737e+003
4.578266e+003 -3.744504e+003 4.792747e+003
4.584995e+003 -3.741382e+003 4.788751e+003
4.591718e+003 -3.738256e+003 4.784749e+003
4.598436e+003 -3.735125e+003 4.780741e+003
4.605147e+003 -3.731989e+003 4.776728e+003
4.611854e+003 -3.728849e+003 4.772709e+003
4.618554e+003 -3.725704e+003 4.768683e+003
4.625249e+003 -3.722554e+003 4.764652e+003
4.631939e+003 -3.719400e+003 4.760615e+003
4.638622e+003 -3.716242e+003 4.756573e+003
4.645300e+003 -3.713079e+003 4.752524e+003
4.651972e+003 -3.709911e+003 4.748470e+003
4.658639e+003 -3.706739e+003 4.744410e+003
4.665300e+003 -3.703562e+003 4.740344e+003
4.671955e+003 -3.700381e+003 4.736272e+003
4.678604e+003 -3.697195e+003 4.732194e+003
4.685248e+003 -3.694005e+003 4.728111e+003
4.691886e+003 -3.690810e+003 4.724022e+003
4.698518e+003 -3.687611e+003 4.719927e+003
4.705144e+003 -3.684407e+003 4.715826e+003
4.711765e+003 -3.681199e+003 4.711720e+003
4.718380e+003 -3.677986e+003 4.707607e+003
4.724989e+003 -3.674768e+003 4.703489e+003
4.731592e+003 -3.671547e+003 4.699365e+003
4.738190e+003 -3.668320e+003 4.695236e+003
4.744781e+003 -3.665089e+003 4.691100e+003
4.751367e+003 -3.661854e+003 4.686959e+003
4.757947e+003 -3.658614e+003 4.682813e+003
4.764522e+003 -3.655370e+003 4.678660e+003
4.771090e+003 -3.652121e+003 4.674502e+003
4.777653e+003 -3.648868e+003 4.670338e+003
4.784209e+003 -3.645610e+003 4.666168e+003
4.790760e+003 -3.642348e+003 4.661992e+003
4.797305e+003 -3.639081e+003 4.657811e+003
4.803844e+003 -3.635810e+003 4.653624e+003
4.810377e+003 -3.632534e+003 4.649432e+003
4.816905e+003 -3.629254e+003 4.645234e+003
4.823426e+003 -3.625970e+003 4.641030e+003
4.829942e+003 -3.622681e+003 4.636820e+003
4.836451e+003 -3.619387e+003 4.632605e+003
4.842955e+003 -3.616090e+003 4.628384e+003
4.849453e+003 -3.612787e+003 4.624157e+003
4.855945e+003 -3.609481e+003 4.619925e+003
4.862430e+003 -3.606170e+003 4.615687e+003
4.868910e+003 -3.602854e+003 4.611443e+003
4.875384e+003 -3.599534e+003 4.607194e+003
4.881852e+003 -3.596210e+003 4.602939e+003
4.888314e+003 -3.592881e+003 4.598678e+003
4.894770e+003 -3.589548e+003 4.594412e+003
4.901220e+003 -3.586211e+003 4.590140e+003
4.907664e+003 -3.582869e+003 4.585863e+003
4.914102e+003 -3.579522e+003 4.581580e+003
4.920534e+003 -3.576172e+003 4.577291e+003
4.926960e+003 -3.572817e+003 4.572997e+003
4.933380e+003 -3.569457e+003 4.568697e+003
4.939794e+003 -3.566093e+003 4.564391e+003
4.946202e+003 -3.562725e+003 4.560080e+003
4.952603e+003 -3.559353e+003 4.555764e+003
4.958999e+003 -3.555976e+003 4.551441e+003
4.965389e+003 -3.552594e+003 4.547114e+003
4.971772e+003 -3.549209e+003 4.542780e+003
4.978150e+003 -3.545819e+003 4.538441e+003
4.984521e+003 -3.542425e+003 4.534097e+003
4.990886e+003 -3.539026e+003 4.529747e+003
4.997245e+003 -3.535623e+003 4.525391e+003
5.003598e+003 -3.532216e+003 4.521030e+003
5.009945e+003 -3.528804e+003 4.516663e+003
5.016286e+003 -3.525388e+003 4.512291e+003
5.022620e+003 -3.521968e+003 4.507913e+003
5.028949e+003 -3.518543e+003 4.503530e+003
5.035271e+003 -3.515114e+003 4.499141e+003
5.041587e+003 -3.511681e+003 4.494747e+003
5.047897e+003 -3.508243e+003 4.490347e+003
5.054201e+003 -3.504802e+003 4.485942e+003
5.060499e+003 -3.501356e+003 4.481531e+003
5.066790e+003 -3.497905e+003 4.477114e+003
5.073075e+003 -3.494450e+003 4.472693e+003
5.079354e+003 -3.490991e+003 4.468265e+003
5.085627e+003 -3.487528e+003 4.463833e+003
5.091893e+003 -3.484061e+003 4.459394e+003
5.098153e+003 -3.480589e+003 4.454951e+003
5.104407e+003 -3.477113e+003 4.450502e+003
5.110655e+003 -3.473633e+003 4.446047e+003
5.116897e+003 -3.470148e+003 4.441587e+003
5.123132e+003 -3.466659e+003 4.437121e+003
5.129361e+003 -3.463166e+003 4.432651e+003
5.135583e+003 -3.459669e+003 4.428174e+003
5.141800e+003 -3.456167e+003 4.423692e+003
5.148010e+003 -3.452662e+003 4.419205e+003
5.154214e+003 -3.449152e+003 4.414713e+003
5.160411e+003 -3.445637e+003 4.410215e+003
5.166602e+003 -3.442119e+003 4.405711e+003
5.172787e+003 -3.438596e+003 4.401203e+003
5.178965e+003 -3.435069e+003 4.396688e+003
5.185138e+003 -3.431538e+003 4.392169e+003
5.191303e+003 -3.428003e+003 4.387644e+003
5.197463e+003 -3.424464e+003 4.383113e+003
5.203616e+003 -3.420920e+003 4.378578e+003
5.209762e+003 -3.417372e+003 4.374037e+003
5.215903e+003 -3.413820e+003 4.369490e+003
5.222037e+003 -3.410264e+003 4.364938e+003
5.228164e+003 -3.406703e+003 4.360381e+003
5.234285e+003 -3.403139e+003 4.355819e+003
5.240400e+003 -3.399570e+003 4.351251e+003
5.246508e+003 -3.395997e+003 4.346678e+003
5.252610e+003 -3.392420e+003 4.342100e+003
5.258705e+003 -3.388839e+003 4.337516e+003
5.264794e+003 -3.385253e+003 4.332927e+003
5.270877e+003 -3.381664e+003 4.328332e+003
5.276953e+003 -3.378070e+003 4.323733e+003
5.283022e+003 -3.374472e+003 4.319128e+003
5.289086e+003 -3.370870e+003 4.314517e+003
5.295142e+003 -3.367264e+003 4.309902e+003
5.301192e+003 -3.363654e+003 4.305281e+003
5.307236e+003 -3.360040e+003 4.300655e+003
5.313273e+003 -3.356421e+003 4.296023e+003
5.319304e+003 -3.352799e+003 4.291387e+003
5.325328e+003 -3.349172e+003 4.286745e+003
5.331346e+003 -3.345541e+003 4.282098e+003
5.337357e+003 -3.341906e+003 4.277445e+003
5.343361e+003 -3.338268e+003 4.272788e+003
5.349359e+003 -3.334624e+003 4.268125e+003
5.355351e+003 -3.330977e+003 4.263457e+003
5.361336e+003 -3.327326e+003 4.258783e+003
5.367314e+003 -3.323671e+003 4.254105e+003
5.373286e+003 -3.320012e+003 4.249421e+003
5.379251e+003 -3.316348e+003 4.244732e+003
5.385209e+003 -3.312681e+003 4.240038e+003
5.391161e+003 -3.309009e+003 4.235338e+003
5.397107e+003 -3.305333e+003 4.230634e+003
5.403045e+003 -3.301654e+003 4.225924e+003
5.408978e+003 -3.297970e+003 4.221209e+003
5.414903e+003 -3.294282e+003 4.216489e+003
5.420822e+003 -3.290591e+003 4.211764e+003
5.426734e+003 -3.286895e+003 4.207034e+003
5.432640e+003 -3.283195e+003 4.202298e+003
5.438539e+003 -3.279491e+003 4.197557e+003
5.444431e+003 -3.275783e+003 4.192811e+003
5.450317e+003 -3.272071e+003 4.188061e+003
5.456195e+003 -3.268356e+003 4.183304e+003
5.462068e+003 -3.264636e+003 4.178543e+003
5.467933e+003 -3.260912e+003 4.173777e+003
5.473792e+003 -3.257184e+003 4.169005e+003
5.479644e+003 -3.253452e+003 4.164229e+003
5.485490e+003 -3.249716e+003 4.159447e+003
5.491328e+003 -3.245976e+003 4.154660e+003
5.497160e+003 -3.242233e+003 4.149868e+003
5.502986e+003 -3.238485e+003 4.145072e+003
5.508804e+003 -3.234733e+003 4.140270e+003
5.514616e+003 -3.230977e+003 4.135462e+003
5.520421e+003 -3.227218e+003 4.130650e+003
5.526219e+003 -3.223454e+003 4.125833e+003
5.532011e+003 -3.219686e+003 4.121011e+003
5.537795e+003 -3.215915e+003 4.116183e+003
5.543573e+003 -3.212140e+003 4.111351e+003
5.549344e+003 -3.208360e+003 4.106514e+003
5.555109e+003 -3.204577e+003 4.101671e+003
5.560866e+003 -3.200790e+003 4.096824e+003
5.566617e+003 -3.196998e+003 4.091971e+003
5.572361e+003 -3.193203e+003 4.087114e+003
5.578098e+003 -3.189404e+003 4.082251e+003
5.583828e+003 -3.185601e+003 4.077384e+003
5.589552e+003 -3.181795e+003 4.072511e+003
5.595268e+003 -3.177984e+003 4.067634e+003
5.600978e+003 -3.174169e+003 4.062751e+003
5.606681e+003 -3.170351e+003 4.057864e+003
5.612377e+003 -3.166528e+003 4.052972e+003
5.618066e+003 -3.162702e+003 4.048074e+003
5.623748e+003 -3.158872e+003 4.043172e+003
5.629423e+003 -3.155038e+003 4.038265e+003
5.635092e+003 -3.151200e+003 4.033352e+003
5.640753e+003 -3.147359e+003 4.028435e+003
5.646408e+003 -3.143513e+003 4.023513e+003
5.652056e+003 -3.139664e+003 4.018586e+003
5.657696e+003 -3.135810e+003 4.013654e+003
5.663330e+003 -3.131953e+003 4.008717e+003
5.668957e+003 -3.128092e+003 4.003775e+003
5.674577e+003 -3.124227e+003 3.998829e+003
5.680190e+003 -3.120359e+003 3.993877e+003
5.685796e+003 -3.116486e+003 3.988921e+003
5.691395e+003 -3.112610e+003 3.983959e+003
5.696987e+003 -3.108730e+003 3.978993e+003
5.702572e+003 -3.104846e+003 3.974022e+003
5.708151e+003 -3.100959e+003 3.969046e+003
5.713722e+003 -3.097067e+003 3.964065e+003
5.719286e+003 -3.093172e+003 3.959079e+003
5.724843e+003 -3.089273e+003 3.954089e+003
5.730393e+003 -3.085370e+003 3.949094e+003
5.735936e+003 -3.081463e+003 3.944093e+003
5.741472e+003 -3.077553e+003 3.939088e+003
5.747001e+003 -3.073639e+003 3.934078e+003
5.752523e+003 -3.069721e+003 3.929064e+003
5.758038e+003 -3.065799e+003 3.924044e+003
5.763546e+003 -3.061874e+003 3.919020e+003
5.769047e+003 -3.057945e+003 3.913991e+003
5.774541e+003 -3.054012e+003 3.908957e+003
5.780028e+003 -3.050075e+003 3.903918e+003
5.785507e+003 -3.046135e+003 3.898874e+003
5.790980e+003 -3.042190e+003 3.893826e+003
5.796445e+003 -3.038243e+003 3.888773e+003
5.801904e+003 -3.034291e+003 3.883715e+003
5.807355e+003 -3.030336e+003 3.878653e+003
5.812799e+003 -3.026377e+003 3.873585e+003
5.818236e+003 -3.022414e+003 3.868513e+003
5.823666e+003 -3.018448e+003 3.863437e+003
5.829089e+003 -3.014477e+003 3.858355e+003
5.834504e+003 -3.010504e+003 3.853269e+003
5.839913e+003 -3.006526e+003 3.848178e+003
5.845314e+003 -3.002545e+003 3.843082e+003
5.850708e+003 -2.998560e+003 3.837982e+003
5.856095e+003 -2.994571e+003 3.832877e+003
5.861475e+003 -2.990579e+003 3.827767e+003
5.866848e+003 -2.986583e+003 3.822652e+003
5.872213e+003 -2.982584e+003 3.817533e+003
5.877571e+003 -2.978581e+003 3.812409e+003
5.882922e+003 -2.974574e+003 3.807281e+003
5.888266e+003 -2.970563e+003 3.802148e+003
5.893603e+003 -2.966549e+003 3.797010e+003
5.898932e+003 -2.962531e+003 3.791867e+003
5.904254e+003 -2.958510e+003 3.786720e+003
5.909569e+003 -2.954485e+003 3.781568e+003
5.914877e+003 -2.950456e+003 3.776412e+003
5.920178e+003 -2.946424e+003 3.771251e+003
5.925471e+003 -2.942388e+003 3.766085e+003
5.930757e+003 -2.938349e+003 3.760915e+003
5.936035e+003 -2.934306e+003 3.755740e+003
5.941307e+003 -2.930259e+003 3.750561e+003
5.946571e+003 -2.926209e+003 3.745377e+003
5.951828e+003 -2.922155e+003 3.740188e+003
5.957077e+003 -2.918098e+003 3.734995e+003
5.962320e+003 -2.914037e+003 3.729797e+003
5.967555e+003 -2.909972e+003 3.724595e+003
5.972782e+003 -2.905904e+003 3.719388e+003
5.978003e+003 -2.901832e+003 3.714176e+003
5.983216e+003 -2.897757e+003 3.708960e+003
5.988421e+003 -2.893678e+003 3.703740e+003
5.993620e+003 -2.889596e+003 3.698514e+003
5.998811e+003 -2.885510e+003 3.693285e+003
6.003994e+003 -2.881421e+003 3.688051e+003
6.009171e+003 -2.877328e+003 3.682812e+003
6.014340e+003 -2.873232e+003 3.677569e+003
6.019501e+003 -2.869132e+003 3.672321e+003
6.024655e+003 -2.865028e+003 3.667069e+003
6.029802e+003 -2.860921e+003 3.661812e+003
6.034942e+003 -2.856811e+003 3.656551e+003
6.040074e+003 -2.852697e+003 3.651285e+003
6.045198e+003 -2.848579e+003 3.646015e+003
6.050316e+003 -2.844458e+003 3.640740e+003
6.055426e+003 -2.840334e+003 3.635461e+003
6.060528e+003 -2.836206e+003 3.630178e+003
6.065623e+003 -2.832074e+003 3.624890e+003
6.070710e+003 -2.827939e+003 3.619597e+003
6.075791e+003 -2.823801e+003 3.614301e+003
6.080863e+003 -2.819659e+003 3.608999e+003
6.085928e+003 -2.815514e+003 3.603694e+003
6.090986e+003 -2.811365e+003 3.598384e+003
6.096037e+003 -2.807213e+003 3.593069e+003
6.101079e+003 -2.803058e+003 3.587750e+003
6.106115e+003 -2.798899e+003 3.582427e+003
6.111143e+003 -2.794736e+003 3.577099e+003
6.116163e+003 -2.790570e+003 3.571767e+003
6.121176e+003 -2.786401e+003 3.566431e+003
6.126181e+003 -2.782228e+003 3.561090e+003
6.131179e+003 -2.778052e+003 3.555745e+003
6.136170e+003 -2.773873e+003 3.550395e+003
6.141153e+003 -2.769690e+003 3.545041e+003
6.146128e+003 -2.765503e+003 3.539683e+003
6.151096e+003 -2.761314e+003 3.534320e+003
6.156056e+003 -2.757121e+003 3.528953e+003
6.161009e+003 -2.752924e+003 3.523582e+003
6.165954e+003 -2.748724e+003 3.518207e+003
6.170892e+003 -2.744521e+003 3.512827e+003
6.175822e+003 -2.740315e+003 3.507443e+003
6.180744e+003 -2.736105e+003 3.502054e+003
6.185659e+003 -2.731891e+003 3.496661e+003
6.190567e+003 -2.727675e+003 3.491264e+003
6.195467e+003 -2.723455e+003 3.485863e+003
6.200359e+003 -2.719231e+003 3.480458e+003
6.205243e+003 -2.715005e+003 3.475048e+003
6.210120e+003 -2.710775e+003 3.469634e+003
6.214990e+003 -2.706542e+003 3.464215e+003
6.219852e+003 -2.702305e+003 3.458793e+003
6.224706e+003 -2.698065e+003 3.453366e+003
6.229552e+003 -2.693822e+003 3.447935e+003
6.234391e+003 -2.689575e+003 3.442500e+003
6.239222e+003 -2.685326e+003 3.437060e+003
6.244046e+003 -2.681073e+003 3.431616e+003
6.248862e+003 -2.676816e+003 3.426168e+003
6.253670e+003 -2.672557e+003 3.420716e+003
6.258471e+003 -2.668294e+003 3.415260e+003
6.263264e+003 -2.664027e+003 3.409800e+003
6.268049e+003 -2.659758e+003 3.404335e+003
6.272827e+003 -2.655485e+003 3.398866e+003
6.277597e+003 -2.651209e+003 3.393393e+003
6.282359e+003 -2.646930e+003 3.387916e+003
6.287114e+003 -2.642648e+003 3.382435e+003
6.291861e+003 -2.638362e+003 3.376949e+003
6.296600e+003 -2.634073e+003 3.371460e+003
6.301332e+003 -2.629781e+003 3.365966e+003
6.306055e+003 -2.625485e+003 3.360468e+003
6.310771e+003 -2.621187e+003 3.354966e+003
6.315480e+003 -2.616885e+003 3.349460e+003
6.320180e+003 -2.612580e+003 3.343950e+003
6.324873e+003 -2.608272e+003 3.338436e+003
6.329558e+003 -2.603960e+003 3.332917e+003
6.334235e+003 -2.599646e+003 3.327395e+003
6.338905e+003 -2.595328e+003 3.321868e+003
6.343567e+003 -2.591007e+003 3.316338e+003
6.348221e+003 -2.586683e+003 3.310803e+003
6.352867e+003 -2.582356e+003 3.305265e+003
6.357505e+003 -2.578025e+003 3.299722e+003
6.362136e+003 -2.573692e+003 3.294175e+003
6.366759e+003 -2.569355e+003 3.288624e+003
6.371374e+003 -2.565015e+003 3.283069e+003
6.375981e+003 -2.560672e+003 3.277511e+003
6.380581e+003 -2.556326e+003 3.271948e+003
6.385172e+003 -2.551976e+003 3.266381e+003
6.389756e+003 -2.547624e+003 3.260810e+003
6.394332e+003 -2.543268e+003 3.255235e+003
6.398900e+003 -2.538910e+003 3.249656e+003
6.403461e+003 -2.534548e+003 3.244073e+003
6.408013e+003 -2.530183e+003 3.238486e+003
6.412558e+003 -2.525815e+003 3.232896e+003
6.417095e+003 -2.521444e+003 3.227301e+003
6.421624e+003 -2.517070e+003 3.221702e+003
6.426145e+003 -2.512692e+003 3.216100e+003
6.430658e+003 -2.508312e+003 3.210493e+003
6.435163e+003 -2.503929e+003 3.204882e+003
6.439660e+003 -2.499542e+003 3.199268e+003
6.444150e+003 -2.495153e+003 3.193650e+003
6.448632e+003 -2.490760e+003 3.188027e+003
6.453105e+003 -2.486364e+003 3.182401e+003
6.457571e+003 -2.481966e+003 3.176771e+003
6.462029e+003 -2.477564e+003 3.171137e+003
6.466479e+003 -2.473159e+003 3.165499e+003
6.470921e+003 -2.468751e+003 3.159857e+003
6.475355e+003 -2.464340e+003 3.154212e+003
6.479782e+003 -2.459927e+003 3.148562e+003
6.484200e+003 -2.455510e+003 3.142909e+003
6.488610e+003 -2.451090e+003 3.137252e+003
6.493013e+003 -2.446667e+003 3.131591e+003
6.497407e+003 -2.442241e+003 3.125926e+003
6.501794e+003 -2.437812e+003 3.120257e+003
6.506172e+003 -2.433380e+003 3.114585e+003
6.510543e+003 -2.428945e+003 3.108908e+003
6.514905e+003 -2.424508e+003 3.103228e+003
6.519260e+003 -2.420067e+003 3.097544e+003
6.523606e+003 -2.415623e+003 3.091857e+003
6.527945e+003 -2.411176e+003 3.086165e+003
6.532276e+003 -2.406727e+003 3.080470e+003
6.536598e+003 -2.402274e+003 3.074771e+003
6.540913e+003 -2.397819e+003 3.069068e+003
6.545219e+003 -2.393360e+003 3.063361e+003
6.549518e+003 -2.388899e+003 3.057651e+003
6.553809e+003 -2.384434e+003 3.051937e+003
6.558091e+003 -2.379967e+003 3.046219e+003
6.562366e+003 -2.375497e+003 3.040497e+003
6.566632e+003 -2.371024e+003 3.034772e+003
6.570890e+003 -2.366548e+003 3.029043e+003
6.575141e+003 -2.362069e+003 3.023310e+003
6.579383e+003 -2.357587e+003 3.017574e+003
6.583617e+003 -2.353103e+003 3.011834e+003
6.587844e+003 -2.348615e+003 3.006090e+003
6.592062e+003 -2.344125e+003 3.000343e+003
6.596272e+003 -2.339631e+003 2.994591e+003
6.600474e+003 -2.335135e+003 2.988837e+003
6.604668e+003 -2.330636e+003 2.983078e+003
6.608853e+003 -2.326134e+003 2.977316e+003
6.613031e+003 -2.321629e+003 2.971550e+003
6.617201e+003 -2.317122e+003 2.965781e+003
6.621362e+003 -2.312611e+003 2.960008e+003
6.625515e+003 -2.308098e+003 2.954231e+003
6.629661e+003 -2.303582e+003 2.948451e+003
6.633798e+003 -2.299063e+003 2.942667e+003
6.637927e+003 -2.294542e+003 2.936879e+003
6.642048e+003 -2.290017e+003 2.931088e+003
6.646160e+003 -2.285490e+003 2.925293e+003
6.650265e+003 -2.280960e+003 2.919495e+003
6.654362e+003 -2.276427e+003 2.913693e+003
6.658450e+003 -2.271891e+003 2.907888e+003
6.662530e+003 -2.267352e+003 2.902079e+003
6.666602e+003 -2.262811e+003 2.896266e+003
6.670666e+003 -2.258267e+003 2.890450e+003
6.674721e+003 -2.253720e+003 2.884630e+003
6.678769e+003 -2.249171e+003 2.878807e+003
6.682808e+003 -2.244618e+003 2.872980e+003
6.686839e+003 -2.240063e+003 2.867150e+003
6.690862e+003 -2.235505e+003 2.861316e+003
6.694877e+003 -2.230945e+003 2.855479e+003
6.698883e+003 -2.226382e+003 2.849638e+003
6.702882e+003 -2.221816e+003 2.843794e+003
6.706872e+003 -2.217247e+003 2.837947e+003
6.710854e+003 -2.212675e+003 2.832095e+003
6.714827e+003 -2.208101e+003 2.826241e+003
6.718793e+003 -2.203524e+003 2.820383e+003
6.722750e+003 -2.198945e+003 2.814521e+003
6.726699e+003 -2.194362e+003 2.808656e+003
6.730640e+003 -2.189778e+003 2.802787e+003
6.734572e+003 -2.185190e+003 2.796916e+003
6.738496e+003 -2.180600e+003 2.791040e+003
6.742412e+003 -2.176007e+003 2.785161e+003
6.746320e+003 -2.171411e+003 2.779279e+003
6.750220e+003 -2.166813e+003 2.773394e+003
6.754111e+003 -2.162212e+003 2.767505e+003
6.757994e+003 -2.157608e+003 2.761612e+003
6.761868e+003 -2.153002e+003 2.755717e+003
6.765735e+003 -2.148393e+003 2.749818e+003
6.769593e+003 -2.143781e+003 2.743915e+003
6.773442e+003 -2.139167e+003 2.738009e+003
6.777284e+003 -2.134550e+003 2.732100e+003
6.781117e+003 -2.129931e+003 2.726187e+003
6.784942e+003 -2.125309e+003 2.720272e+003
6.788758e+003 -2.120684e+003 2.714352e+003
6.792567e+003 -2.116057e+003 2.708430e+003
6.796367e+003 -2.111427e+003 2.702504e+003
6.800158e+003 -2.106795e+003 2.696575e+003
6.803941e+003 -2.102160e+003 2.690642e+003
6.807716e+003 -2.097523e+003 2.684707e+003
6.811483e+003 -2.092883e+003 2.678767e+003
6.815241e+003 -2.088240e+003 2.672825e+003
6.818991e+003 -2.083595e+003 2.666880e+003
6.822733e+003 -2.078947e+003 2.660931e+003
6.826466e+003 -2.074297e+003 2.654978e+003
6.830191e+003 -2.069644e+003 2.649023e+003
6.833907e+003 -2.064988e+003 2.643064e+003
6.837615e+003 -2.060330e+003 2.637103e+003
6.841315e+003 -2.055670e+003 2.631137e+003
6.845006e+003 -2.051007e+003 2.625169e+003
6.848689e+003 -2.046341e+003 2.619198e+003
6.852364e+003 -2.041673e+003 2.613223e+003
6.856030e+003 -2.037003e+003 2.607245e+003
6.859688e+003 -2.032330e+003 2.601264e+003
6.863337e+003 -2.027655e+003 2.595279e+003
6.866978e+003 -2.022977e+003 2.589292e+003
6.870611e+003 -2.018296e+003 2.583301e+003
6.874235e+003 -2.013613e+003 2.577307e+003
6.877850e+003 -2.008928e+003 2.571310e+003
6.881458e+003 -2.004240e+003 2.565310e+003
6.885056e+003 -1.999550e+003 2.559307e+003
6.888647e+003 -1.994857e+003 2.553300e+003
6.892229e+003 -1.990162e+003 2.547291e+003
6.895802e+003 -1.985464e+003 2.541278e+003
6.899367e+003 -1.980764e+003 2.535262e+003
6.902924e+003 -1.976062e+003 2.529244e+003
6.906472e+003 -1.971357e+003 2.523222e+003
6.910012e+003 -1.966649e+003 2.517196e+003
6.913543e+003 -1.961940e+003 2.511168e+003
6.917066e+003 -1.957228e+003 2.505137e+003
6.920580e+003 -1.952513e+003 2.499103e+003
6.924086e+003 -1.947796e+003 2.493065e+003
6.927583e+003 -1.943077e+003 2.487025e+003
6.931072e+003 -1.938355e+003 2.480981e+003
6.934553e+003 -1.933631e+003 2.474935e+003
6.938025e+003 -1.928905e+003 2.468885e+003
6.941488e+003 -1.924176e+003 2.462833e+003
6.944943e+003 -1.919445e+003 2.456777e+003
6.948389e+003 -1.914711e+003 2.450719e+003
6.951827e+003 -1.909975e+003 2.444657e+003
6.955256e+003 -1.905237e+003 2.438592e+003
6.958677e+003 -1.900497e+003 2.432525e+003
6.962090e+003 -1.895754e+003 2.426454e+003
6.965493e+003 -1.891009e+003 2.420381e+003
6.968889e+003 -1.886261e+003 2.414304e+003
6.972275e+003 -1.881511e+003 2.408225e+003
6.975653e+003 -1.876759e+003 2.402142e+003
6.979023e+003 -1.872005e+003 2.396057e+003
6.982384e+003 -1.867248e+003 2.389969e+003
6.985737e+003 -1.862489e+003 2.383877e+003
6.989081e+003 -1.857728e+003 2.377783e+003
6.992416e+003 -1.852964e+003 2.371686e+003
6.995743e+003 -1.848199e+003 2.365586e+003
6.999061e+003 -1.843430e+003 2.359483e+003
7.002371e+003 -1.838660e+003 2.353378e+003
7.005672e+003 -1.833888e+003 2.347269e+003
7.008964e+003 -1.829113e+003 2.341158e+003
7.012248e+003 -1.824336e+003 2.335043e+003
7.015524e+003 -1.819556e+003 2.328926e+003
7.018790e+003 -1.814775e+003 2.322806e+003
7.022049e+003 -1.809991e+003 2.316683e+003
7.025298e+003 -1.805205e+003 2.310557e+003
7.028539e+003 -1.800417e+003 2.304429e+003
7.031771e+003 -1.795627e+003 2.298297e+003
7.034995e+003 -1.790834e+003 2.292163e+003
7.038210e+003 -1.786039e+003 2.286026e+003
7.041417e+003 -1.781242e+003 2.279886e+003
7.044615e+003 -1.776443e+003 2.273743e+003
7.047804e+003 -1.771642e+003 2.267598e+003
7.050984e+003 -1.766838e+003 2.261450e+003
7.054156e+003 -1.762033e+003 2.255299e+003
7.057320e+003 -1.757225e+003 2.249145e+003
7.060474e+003 -1.752415e+003 2.242989e+003
7.063620e+003 -1.747603e+003 2.236829e+003
7.066758e+003 -1.742788e+003 2.230667e+003
7.069886e+003 -1.737972e+003 2.224503e+003
7.073006e+003 -1.733153e+003 2.218335e+003
7.076118e+003 -1.728333e+003 2.212165e+003
7.079221e+003 -1.723510e+003 2.205992e+003
7.082315e+003 -1.718685e+003 2.199817e+003
7.085400e+003 -1.713858e+003 2.193638e+003
7.088477e+003 -1.709029e+003 2.187458e+003
7.091545e+003 -1.704198e+003 2.181274e+003
7.094604e+003 -1.699365e+003 2.175088e+003
7.097655e+003 -1.694529e+003 2.168899e+003
7.100697e+003 -1.689692e+003 2.162707e+003
7.103730e+003 -1.684852e+003 2.156513e+003
7.106754e+003 -1.680011e+003 2.150316e+003
7.109770e+003 -1.675167e+003 2.144116e+003
7.112777e+003 -1.670322e+003 2.137914e+003
7.115776e+003 -1.665474e+003 2.131709e+003
7.118765e+003 -1.660624e+003 2.125502e+003
7.121746e+003 -1.655772e+003 2.119292e+003
7.124719e+003 -1.650919e+003 2.113079e+003
7.127682e+003 -1.646063e+003 2.106864e+003
7.130637e+003 -1.641205e+003 2.100646e+003
7.133583e+003 -1.636345e+003 2.094426e+003
7.136520e+003 -1.631483e+003 2.088203e+003
7.139449e+003 -1.626619e+003 2.081978e+003
7.142369e+003 -1.621753e+003 2.075750e+003
7.145280e+003 -1.616886e+003 2.069519e+003
7.148182e+003 -1.612016e+003 2.063286e+003
7.151076e+003 -1.607144e+003 2.057050e+003
7.153961e+003 -1.602270e+003 2.050812e+003
7.156837e+003 -1.597394e+003 2.044572e+003
7.159704e+003 -1.592517e+003 2.038329e+003
7.162562e+003 -1.587637e+003 2.032083e+003
7.165412e+003 -1.582756e+003 2.025835e+003
7.168253e+003 -1.577872e+003 2.019584e+003
7.171085e+003 -1.572987e+003 2.013331e+003
7.173909e+003 -1.568099e+003 2.007075e+003
7.176723e+003 -1.563210e+003 2.000817e+003
7.179529e+003 -1.558319e+003 1.994557e+003
7.182326e+003 -1.553426e+003 1.988294e+003
7.185114e+003 -1.548531e+003 1.982029e+003
7.187894e+003 -1.543634e+003 1.975761e+003
7.190664e+003 -1.538735e+003 1.969491e+003
7.193426e+003 -1.533834e+003 1.963218e+003
7.196179e+003 -1.528931e+003 1.956943e+003
7.198923e+003 -1.524027e+003 1.950666e+003
7.201659e+003 -1.519121e+003 1.944386e+003
7.204385e+003 -1.514213e+003 1.938104e+003
7.207103e+003 -1.509302e+003 1.931819e+003
7.209812e+003 -1.504391e+003 1.925532e+003
7.212512e+003 -1.499477e+003 1.919243e+003
7.215203e+003 -1.494561e+003 1.912951e+003
7.217886e+003 -1.489644e+003 1.906657e+003
7.220559e+003 -1.484725e+003 1.900361e+003
7.223224e+003 -1.479804e+003 1.894062e+003
7.225880e+003 -1.474881e+003 1.887761e+003
7.228527e+003 -1.469956e+003 1.881458e+003
7.231165e+003 -1.465030e+003 1.875152e+003
7.233794e+003 -1.460101e+003 1.868845e+003
7.236414e+003 -1.455171e+003 1.862534e+003
7.239026e+003 -1.450240e+003 1.856222e+003
7.241629e+003 -1.445306e+003 1.849907e+003
7.244223e+003 -1.440371e+003 1.843590e+003
7.246808e+003 -1.435433e+003 1.837271e+003
7.249384e+003 -1.430495e+003 1.830950e+003
7.251951e+003 -1.425554e+003 1.824626e+003
7.254509e+003 -1.420612e+003 1.818300e+003
7.257058e+003 -1.415667e+003 1.811972e+003
7.259599e+003 -1.410722e+003 1.805641e+003
7.262131e+003 -1.405774e+003 1.799309e+003
7.264653e+003 -1.400825e+003 1.792974e+003
7.267167e+003 -1.395874e+003 1.786637e+003
7.269672e+003 -1.390921e+003 1.780297e+003
7.272168e+003 -1.385966e+003 1.773956e+003
7.274655e+003 -1.381010e+003 1.767613e+003
7.277134e+003 -1.376052e+003 1.761267e+003
7.279603e+003 -1.371093e+003 1.754919e+003
7.282063e+003 -1.366132e+003 1.748569e+003
7.284515e+003 -1.361169e+003 1.742217e+003
7.286957e+003 -1.356204e+003 1.735862e+003
7.289391e+003 -1.351238e+003 1.729506e+003
7.291815e+003 -1.346270e+003 1.723147e+003
7.294231e+003 -1.341301e+003 1.716787e+003
7.296638e+003 -1.336330e+003 1.710424e+003
7.299036e+003 -1.331357e+003 1.704059e+003
7.301425e+003 -1.326382e+003 1.697692e+003
7.303805e+003 -1.321406e+003 1.691323e+003
7.306176e+003 -1.316429e+003 1.684952e+003
7.308538e+003 -1.311449e+003 1.678579e+003
7.310891e+003 -1.306468e+003 1.672203e+003
7.313235e+003 -1.301486e+003 1.665826e+003
7.315571e+003 -1.296502e+003 1.659447e+003
7.317897e+003 -1.291516e+003 1.653065e+003
7.320214e+003 -1.286529e+003 1.646682e+003
7.322522e+003 -1.281540e+003 1.640297e+003
7.324822e+003 -1.276550e+003 1.633909e+003
7.327112e+003 -1.271558e+003 1.627520e+003
7.329394e+003 -1.266564e+003 1.621128e+003
7.331666e+003 -1.261569e+003 1.614735e+003
7.333930e+003 -1.256573e+003 1.608340e+003
7.336184e+003 -1.251574e+003 1.601942e+003
7.338429e+003 -1.246575e+003 1.595543e+003
7.340666e+003 -1.241574e+003 1.589142e+003
7.342893e+003 -1.236571e+003 1.582739e+003
7.345112e+003 -1.231567e+003 1.576333e+003
7.347321e+003 -1.226561e+003 1.569926e+003
7.349522e+003 -1.221554e+003 1.563517e+003
7.351714e+003 -1.216545e+003 1.557106e+003
7.353896e+003 -1.211535e+003 1.550694e+003
7.356070e+003 -1.206523e+003 1.544279e+003
7.358234e+003 -1.201510e+003 1.537862e+003
7.360389e+003 -1.196495e+003 1.531444e+003
7.362536e+003 -1.191479e+003 1.525023e+003
7.364673e+003 -1.186461e+003 1.518601e+003
7.366802e+003 -1.181442e+003 1.512177e+003
7.368921e+003 -1.176422e+003 1.505751e+003
7.371032e+003 -1.171400e+003 1.499323e+003
7.373133e+003 -1.166376e+003 1.492894e+003
7.375225e+003 -1.161352e+003 1.486462e+003
7.377308e+003 -1.156325e+003 1.480029e+003
7.379383e+003 -1.151298e+003 1.473594e+003
7.381448e+003 -1.146269e+003 1.467157e+003
7.383504e+003 -1.141238e+003 1.460718e+003
7.385551e+003 -1.136206e+003 1.454278e+003
7.387589e+003 -1.131173e+003 1.447835e+003
7.389618e+003 -1.126138e+003 1.441391e+003
7.391638e+003 -1.121102e+003 1.434946e+003
7.393649e+003 -1.116065e+003 1.428498e+003
7.395651e+003 -1.111026e+003 1.422049e+003
7.397644e+003 -1.105986e+003 1.415598e+003
7.399627e+003 -1.100945e+003 1.409145e+003
7.401602e+003 -1.095902e+003 1.402690e+003
7.403568e+003 -1.090858e+003 1.396234e+003
7.405524e+003 -1.085812e+003 1.389776e+003
7.407472e+003 -1.080765e+003 1.383317e+003
7.409410e+003 -1.075717e+003 1.376855e+003
7.411339e+003 -1.070668e+003 1.370392e+003
7.413259e+003 -1.065617e+003 1.363927e+003
7.415171e+003 -1.060565e+003 1.357461e+003
7.417073e+003 -1.055511e+003 1.350993e+003
7.418966e+003 -1.050457e+003 1.344523e+003
7.420849e+003 -1.045401e+003 1.338052e+003
7.422724e+003 -1.040344e+003 1.331579e+003
7.424590e+003 -1.035285e+003 1.325104e+003
7.426447e+003 -1.030225e+003 1.318628e+003
7.428294e+003 -1.025164e+003 1.312150e+003
7.430133e+003 -1.020102e+003 1.305671e+003
7.431962e+003 -1.015038e+003 1.299190e+003
7.433782e+003 -1.009973e+003 1.292707e+003
7.435593e+003 -1.004907e+003 1.286223e+003
7.437395e+003 -9.998402e+002 1.279737e+003
7.439188e+003 -9.947717e+002 1.273250e+003
7.440972e+003 -9.897020e+002 1.266761e+003
7.442746e+003 -9.846310e+002 1.260270e+003
7.444512e+003 -9.795589e+002 1.253778e+003
7.446268e+003 -9.744856e+002 1.247285e+003
7.448016e+003 -9.694110e+002 1.240790e+003
7.449754e+003 -9.643353e+002 1.234293e+003
7.451483e+003 -9.592584e+002 1.227795e+003
7.453203e+003 -9.541804e+002 1.221295e+003
7.454914e+003 -9.491011e+002 1.214794e+003
7.456615e+003 -9.440207e+002 1.208291e+003
7.458308e+003 -9.389392e+002 1.201787e+003
7.459991e+003 -9.338565e+002 1.195282e+003
7.461665e+003 -9.287726e+002 1.188775e+003
7.463330e+003 -9.236876e+002 1.182266e+003
7.464986e+003 -9.186015e+002 1.175756e+003
7.466633e+003 -9.135143e+002 1.169245e+003
7.468271e+003 -9.084259e+002 1.162732e+003
7.469899e+003 -9.033364e+002 1.156218e+003
7.471519e+003 -8.982458e+002 1.149702e+003
7.473129e+003 -8.931541e+002 1.143185e+003
7.474730e+003 -8.880614e+002 1.136667e+003
7.476322e+003 -8.829675e+002 1.130147e+003
7.477905e+003 -8.778725e+002 1.123626e+003
7.479478e+003 -8.727765e+002 1.117103e+003
7.481043e+003 -8.676794e+002 1.110579e+003
7.482598e+003 -8.625813e+002 1.104054e+003
7.484144e+003 -8.574821e+002 1.097527e+003
7.485681e+003 -8.523818e+002 1.090999e+003
7.487209e+003 -8.472805e+002 1.084470e+003
7.488727e+003 -8.421781e+002 1.077939e+003
7.490237e+003 -8.370748e+002 1.071407e+003
7.491737e+003 -8.319704e+002 1.064874e+003
7.493228e+003 -8.268649e+002 1.058339e+003
7.494710e+003 -8.217585e+002 1.051803e+003
7.496183e+003 -8.166511e+002 1.045266e+003
7.497646e+003 -8.115426e+002 1.038727e+003
7.499100e+003 -8.064332e+002 1.032187e+003
7.500546e+003 -8.013228e+002 1.025646e+003
7.501982e+003 -7.962114e+002 1.019104e+003
7.503408e+003 -7.910990e+002 1.012561e+003
7.504826e+003 -7.859856e+002 1.006016e+003
7.506234e+003 -7.808713e+002 9.994697e+002
7.507633e+003 -7.757560e+002 9.929225e+002
7.509023e+003 -7.706398e+002 9.863740e+002
7.510404e+003 -7.655227e+002 9.798243e+002
7.511776e+003 -7.604046e+002 9.732735e+002
7.513138e+003 -7.552855e+002 9.667214e+002
7.514491e+003 -7.501656e+002 9.601682e+002
7.515835e+003 -7.450447e+002 9.536137e+002
7.517170e+003 -7.399229e+002 9.470581e+002
7.518496e+003 -7.348002e+002 9.405014e+002
7.519812e+003 -7.296766e+002 9.339435e+002
7.521119e+003 -7.245521e+002 9.273844e+002
7.522417e+003 -7.194268e+002 9.208243e+002
7.523706e+003 -7.143005e+002 9.142629e+002
7.524985e+003 -7.091734e+002 9.077005e+002
7.526256e+003 -7.040454e+002 9.011370e+002
7.527517e+003 -6.989165e+002 8.945723e+002
7.528769e+003 -6.937868e+002 8.880066e+002
7.530011e+003 -6.886562e+002 8.814397e+002
7.531245e+003 -6.835248e+002 8.748718e+002
7.532469e+003 -6.783925e+002 8.683029e+002
7.533684e+003 -6.732595e+002 8.617328e+002
7.534890e+003 -6.681256e+002 8.551617e+002
7.536086e+003 -6.629908e+002 8.485896e+002
7.537273e+003 -6.578553e+002 8.420164e+002
7.538451e+003 -6.527189e+002 8.354422e+002
7.539620e+003 -6.475818e+002 8.288669e+002
7.540780e+003 -6.424439e+002 8.222907e+002
7.541930e+003 -6.373051e+002 8.157134e+002
7.543071e+003 -6.321656e+002 8.091351e+002
7.544203e+003 -6.270254e+002 8.025559e+002
7.545325e+003 -6.218843e+002 7.959756e+002
7.546439e+003 -6.167425e+002 7.893944e+002
7.547543e+003 -6.115999e+002 7.828122e+002
7.548638e+003 -6.064566e+002 7.762291e+002
7.549723e+003 -6.013126e+002 7.696450e+002
7.550800e+003 -5.961678e+002 7.630600e+002
7.551867e+003 -5.910223e+002 7.564740e+002
7.552925e+003 -5.858760e+002 7.498871e+002
7.553973e+003 -5.807290e+002 7.432993e+002
7.555013e+003 -5.755814e+002 7.367106e+002
7.556043e+003 -5.704330e+002 7.301209e+002
7.557064e+003 -5.652839e+002 7.235304e+002
7.558075e+003 -5.601341e+002 7.169390e+002
7.559078e+003 -5.549837e+002 7.103467e+002
7.560071e+003 -5.498325e+002 7.037536e+002
7.561054e+003 -5.446807e+002 6.971595e+002
7.562029e+003 -5.395283e+002 6.905647e+002
7.562994e+003 -5.343751e+002 6.839690e+002
7.563950e+003 -5.292213e+002 6.773724e+002
7.564897e+003 -5.240669e+002 6.707750e+002
7.565835e+003 -5.189118e+002 6.641768e+002
7.566763e+003 -5.137561e+002 6.575778e+002
7.567682e+003 -5.085997e+002 6.509780e+002
7.568591e+003 -5.034427e+002 6.443773e+002
7.569492e+003 -4.982852e+002 6.377759e+002
7.570383e+003 -4.931270e+002 6.311737e+002
7.571265e+003 -4.879682e+002 6.245708e+002
7.572137e+003 -4.828088e+002 6.179670e+002
7.573001e+003 -4.776488e+002 6.113625e+002
7.573855e+003 -4.724882e+002 6.047573e+002
7.574700e+003 -4.673270e+002 5.981513e+002
7.575535e+003 -4.621653e+002 5.915446e+002
7.576361e+003 -4.570030e+002 5.849372e+002
7.577178e+003 -4.518401e+002 5.783290e+002
7.577986e+003 -4.466767e+002 5.717202e+002
7.578784e+003 -4.415128e+002 5.651106e+002
7.579573e+003 -4.363483e+002 5.585003e+002
7.580353e+003 -4.311833e+002 5.518894e+002
7.581124e+003 -4.260177e+002 5.452778e+002
7.581885e+003 -4.208516e+002 5.386655e+002
7.582637e+003 -4.156850e+002 5.320526e+002
7.583379e+003 -4.105179e+002 5.254390e+002
7.584113e+003 -4.053503e+002 5.188247e+002
7.584837e+003 -4.001822e+002 5.122099e+002
7.585552e+003 -3.950136e+002 5.055944e+002
7.586257e+003 -3.898445e+002 4.989782e+002
7.586953e+003 -3.846750e+002 4.923615e+002
7.587640e+003 -3.795049e+002 4.857442e+002
7.588318e+003 -3.743344e+002 4.791262e+002
7.588986e+003 -3.691635e+002 4.725077e+002
7.589645e+003 -3.639921e+002 4.658886e+002
7.590295e+003 -3.588202e+002 4.592690e+002
7.590935e+003 -3.536479e+002 4.526487e+002
7.591566e+003 -3.484752e+002 4.460279e+002
7.592188e+003 -3.433021e+002 4.394066e+002
7.592801e+003 -3.381285e+002 4.327848e+002
7.593404e+003 -3.329545e+002 4.261624e+002
7.593998e+003 -3.277801e+002 4.195394e+002
7.594582e+003 -3.226053e+002 4.129160e+002
7.595158e+003 -3.174301e+002 4.062921e+002
7.595724e+003 -3.122546e+002 3.996676e+002
7.596280e+003 -3.070786e+002 3.930427e+002
7.596828e+003 -3.019023e+002 3.864173e+002
7.597366e+003 -2.967256e+002 3.797914e+002
7.597894e+003 -2.915485e+002 3.731651e+002
7.598414e+003 -2.863711e+002 3.665383e+002
7.598924e+003 -2.811933e+002 3.599110e+002
7.599425e+003 -2.760152e+002 3.532833e+002
7.599916e+003 -2.708367e+002 3.466552e+002
7.600399e+003 -2.656579e+002 3.400266e+002
7.600872e+003 -2.604788e+002 3.333977e+002
7.601335e+003 -2.552994e+002 3.267683e+002
7.601790e+003 -2.501196e+002 3.201385e+002
7.602235e+003 -2.449396e+002 3.135083e+002
7.602670e+003 -2.397592e+002 3.068778e+002
7.603097e+003 -2.345786e+002 3.002469e+002
7.603514e+003 -2.293976e+002 2.936156e+002
7.603921e+003 -2.242164e+002 2.869839e+002
7.604320e+003 -2.190349e+002 2.803519e+002
7.604709e+003 -2.138531e+002 2.737195e+002
7.605089e+003 -2.086711e+002 2.670869e+002
7.605459e+003 -2.034888e+002 2.604538e+002
7.605820e+003 -1.983063e+002 2.538205e+002
7.606172e+003 -1.931236e+002 2.471869e+002
7.606515e+003 -1.879405e+002 2.405529e+002
7.606848e+003 -1.827573e+002 2.339187e+002
7.607172e+003 -1.775738e+002 2.272842e+002
7.607486e+003 -1.723902e+002 2.206494e+002
7.607792e+003 -1.672063e+002 2.140143e+002
7.608088e+003 -1.620222e+002 2.073789e+002
7.608374e+003 -1.568379e+002 2.007433e+002
7.608651e+003 -1.516534e+002 1.941075e+002
7.608919e+003 -1.464687e+002 1.874714e+002
7.609178e+003 -1.412839e+002 1.808351e+002
7.609427e+003 -1.360989e+002 1.741986e+002
7.609667e+003 -1.309137e+002 1.675619e+002
7.609898e+003 -1.257283e+002 1.609249e+002
7.610119e+003 -1.205428e+002 1.542878e+002
7.610331e+003 -1.153572e+002 1.476504e+002
7.610534e+003 -1.101714e+002 1.410129e+002
7.610728e+003 -1.049854e+002 1.343752e+002
7.610912e+003 -9.979938e+001 1.277374e+002
7.611086e+003 -9.461320e+001 1.210994e+002
7.611252e+003 -8.942691e+001 1.144612e+002
7.611408e+003 -8.424050e+001 1.078229e+002
7.611555e+003 -7.905400e+001 1.011845e+002
7.611692e+003 -7.386739e+001 9.454595e+001
7.611820e+003 -6.868070e+001 8.790728e+001
7.611939e+003 -6.349392e+001 8.126851e+001
7.612049e+003 -5.830706e+001 7.462963e+001
7.612149e+003 -5.312013e+001 6.799067e+001
7.612240e+003 -4.793314e+001 6.135162e+001
7.612321e+003 -4.274609e+001 5.471249e+001
7.612393e+003 -3.755898e+001 4.807330e+001
7.612456e+003 -3.237183e+001 4.143405e+001
7.612510e+003 -2.718464e+001 3.479475e+001
7.612554e+003 -2.199742e+001 2.815541e+001
7.612589e+003 -1.681017e+001 2.151603e+001
7.612614e+003 -1.162289e+001 1.487663e+001
7.612631e+003 -6.435609e+000 8.237204e+000
7.612637e+003 -1.248316e+000 1.597771e+000
7.612635e+003 3.938979e+000 -5.041664e+000
7.612623e+003 9.126269e+000 -1.168109e+001
7.612602e+003 1.431355e+001 -1.832051e+001
7.612572e+003 1.950081e+001 -2.495990e+001
7.612532e+003 2.468805e+001 -3.159926e+001
7.612483e+003 2.987525e+001 -3.823858e+001
7.612425e+003 3.506242e+001 -4.487786e+001
7.612357e+003 4.024955e+001 -5.151708e+001
7.612280e+003 4.543663e+001 -5.815624e+001
7.612194e+003 5.062365e+001 -6.479532e+001
7.612098e+003 5.581061e+001 -7.143433e+001
7.611993e+003 6.099751e+001 -7.807325e+001
7.611879e+003 6.618432e+001 -8.471207e+001
7.611755e+003 7.137106e+001 -9.135079e+001
7.611622e+003 7.655771e+001 -9.798940e+001
7.611480e+003 8.174427e+001 -1.046279e+002
7.611328e+003 8.693072e+001 -1.112662e+002
7.611167e+003 9.211707e+001 -1.179045e+002
7.610997e+003 9.730330e+001 -1.245426e+002
7.610817e+003 1.024894e+002 -1.311805e+002
7.610628e+003 1.076754e+002 -1.378182e+002
7.610430e+003 1.128613e+002 -1.444558e+002
7.610223e+003 1.180470e+002 -1.510933e+002
7.610006e+003 1.232326e+002 -1.577305e+002
7.609780e+003 1.284180e+002 -1.643675e+002
7.609544e+003 1.336033e+002 -1.710044e+002
7.609299e+003 1.387884e+002 -1.776410e+002
7.609045e+003 1.439733e+002 -1.842774e+002
7.608782e+003 1.491581e+002 -1.909136e+002
7.608509e+003 1.543426e+002 -1.975496e+002
7.608227e+003 1.595270e+002 -2.041853e+002
7.607935e+003 1.647112e+002 -2.108207e+002
7.607634e+003 1.698952e+002 -2.174559e+002
7.607324e+003 1.750790e+002 -2.240909e+002
7.607005e+003 1.802625e+002 -2.307255e+002
7.606676e+003 1.854459e+002 -2.373599e+002
7.606338e+003 1.906290e+002 -2.439940e+002
7.605991e+003 1.958119e+002 -2.506278e+002
7.605634e+003 2.009945e+002 -2.572613e+002
7.605268e+003 2.061769e+002 -2.638945e+002
7.604893e+003 2.113591e+002 -2.705273e+002
7.604508e+003 2.165410e+002 -2.771598e+002
7.604114e+003 2.217226e+002 -2.837920e+002
7.603711e+003 2.269039e+002 -2.904238e+002
7.603298e+003 2.320850e+002 -2.970553e+002
7.602877e+003 2.372658e+002 -3.036864e+002
7.602445e+003 2.424463e+002 -3.103171e+002
7.602005e+003 2.476265e+002 -3.169475e+002
7.601555e+003 2.528064e+002 -3.235774e+002
7.601096e+003 2.579860e+002 -3.302070e+002
7.600628e+003 2.631653e+002 -3.368362e+002
7.600150e+003 2.683442e+002 -3.434649e+002
7.599663e+003 2.735228e+002 -3.500933e+002
7.599166e+003 2.787011e+002 -3.567212e+002
7.598661e+003 2.838791e+002 -3.633486e+002
7.598146e+003 2.890567e+002 -3.699757e+002
7.597621e+003 2.942339e+002 -3.766022e+002
7.597088e+003 2.994108e+002 -3.832283e+002
7.596545e+003 3.045873e+002 -3.898540e+002
7.595993e+003 3.097634e+002 -3.964791e+002
7.595431e+003 3.149392e+002 -4.031038e+002
7.594860e+003 3.201146e+002 -4.097280e+002
7.594280e+003 3.252896e+002 -4.163517e+002
7.593691e+003 3.304642e+002 -4.229748e+002
7.593092e+003 3.356383e+002 -4.295975e+002
7.592484e+003 3.408121e+002 -4.362196e+002
7.591867e+003 3.459855e+002 -4.428412e+002
7.591240e+003 3.511584e+002 -4.494622e+002
7.590604e+003 3.563309e+002 -4.560827e+002
7.589959e+003 3.615029e+002 -4.627027e+002
7.589304e+003 3.666746e+002 -4.693220e+002
7.588640e+003 3.718457e+002 -4.759408e+002
7.587967e+003 3.770164e+002 -4.825590e+002
7.587285e+003 3.821867e+002 -4.891767e+002
7.586593e+003 3.873565e+002 -4.957937e+002
7.585892e+003 3.925258e+002 -5.024101e+002
7.585182e+003 3.976946e+002 -5.090259e+002
7.584462e+003 4.028630e+002 -5.156411e+002
7.583733e+003 4.080308e+002 -5.222556e+002
7.582995e+003 4.131982e+002 -5.288695e+002
7.582248e+003 4.183650e+002 -5.354828e+002
7.581491e+003 4.235313e+002 -5.420954e+002
7.580725e+003 4.286972e+002 -5.487073e+002
7.579950e+003 4.338624e+002 -5.553186e+002
7.579165e+003 4.390272e+002 -5.619292e+002
7.578371e+003 4.441914e+002 -5.685391e+002
7.577568e+003 4.493551e+002 -5.751483e+002
7.576756e+003 4.545182e+002 -5.817568e+002
7.575934e+003 4.596808e+002 -5.883646e+002
7.575103e+003 4.648428e+002 -5.949716e+002
7.574263e+003 4.700042e+002 -6.015779e+002
7.573413e+003 4.751651e+002 -6.081835e+002
7.572554e+003 4.803253e+002 -6.147884e+002
7.571686e+003 4.854850e+002 -6.213925e+002
7.570809e+003 4.906441e+002 -6.279958e+002
7.569922e+003 4.958026e+002 -6.345984e+002
7.569026e+003 5.009605e+002 -6.412002e+002
7.568121e+003 5.061178e+002 -6.478012e+002
7.567206e+003 5.112744e+002 -6.544014e+002
7.566282e+003 5.164304e+002 -6.610008e+002
7.565349e+003 5.215858e+002 -6.675994e+002
7.564407e+003 5.267406e+002 -6.741972e+002
7.563456e+003 5.318947e+002 -6.807942e+002
7.562495e+003 5.370481e+002 -6.873903e+002
7.561525e+003 5.422009e+002 -6.939856e+002
7.560545e+003 5.473531e+002 -7.005800e+002
7.559557e+003 5.525045e+002 -7.071736e+002
7.558559e+003 5.576553e+002 -7.137663e+002
7.557552e+003 5.628054e+002 -7.203581e+002
7.556535e+003 5.679548e+002 -7.269490e+002
7.555510e+003 5.731036e+002 -7.335391e+002
7.554475e+003 5.782516e+002 -7.401283e+002
7.553431e+003 5.833989e+002 -7.467165e+002
7.552377e+003 5.885455e+002 -7.533039e+002
7.551314e+003 5.936913e+002 -7.598903e+002
7.550243e+003 5.988365e+002 -7.664758e+002
7.549161e+003 6.039809e+002 -7.730603e+002
7.548071e+003 6.091246e+002 -7.796439e+002
7.546971e+003 6.142675e+002 -7.862265e+002
7.545862e+003 6.194097e+002 -7.928082e+002
7.544744e+003 6.245511e+002 -7.993889e+002
7.543617e+003 6.296917e+002 -8.059687e+002
7.542480e+003 6.348316e+002 -8.125474e+002
7.541334e+003 6.399707e+002 -8.191252e+002
7.540179e+003 6.451090e+002 -8.257019e+002
7.539015e+003 6.502466e+002 -8.322776e+002
7.537841e+003 6.553833e+002 -8.388523e+002
7.536659e+003 6.605192e+002 -8.454260e+002
7.535467e+003 6.656543e+002 -8.519987e+002
7.534265e+003 6.707886e+002 -8.585703e+002
7.533055e+003 6.759221e+002 -8.651408e+002
7.531835e+003 6.810548e+002 -8.717103e+002
7.530606e+003 6.861866e+002 -8.782788e+002
7.529368e+003 6.913176e+002 -8.848461e+002
7.528120e+003 6.964477e+002 -8.914124e+002
7.526864e+003 7.015770e+002 -8.979776e+002
7.525598e+003 7.067054e+002 -9.045416e+002
7.524323e+003 7.118329e+002 -9.111046e+002
7.523039e+003 7.169596e+002 -9.176665e+002
7.521745e+003 7.220854e+002 -9.242272e+002
7.520442e+003 7.272103e+002 -9.307868e+002
7.519130e+003 7.323344e+002 -9.373452e+002
7.517809e+003 7.374575e+002 -9.439025e+002
7.516479e+003 7.425797e+002 -9.504587e+002
7.515139e+003 7.477010e+002 -9.570137e+002
7.513791e+003 7.528214e+002 -9.635675e+002
7.512433e+003 7.579409e+002 -9.701201e+002
7.511066e+003 7.630595e+002 -9.766716e+002
7.509689e+003 7.681771e+002 -9.832218e+002
7.508304e+003 7.732937e+002 -9.897709e+002
7.506909e+003 7.784095e+002 -9.963187e+002
7.505505e+003 7.835242e+002 -1.002865e+003
7.504092e+003 7.886381e+002 -1.009411e+003
7.502669e+003 7.937509e+002 -1.015955e+003
7.501238e+003 7.988628e+002 -1.022498e+003
7.499797e+003 8.039737e+002 -1.029039e+003
7.498347e+003 8.090836e+002 -1.035580e+003
7.496888e+003 8.141925e+002 -1.042119e+003
7.495420e+003 8.193004e+002 -1.048657e+003
7.493942e+003 8.244074e+002 -1.055193e+003
7.492456e+003 8.295133e+002 -1.061729e+003
7.490960e+003 8.346182e+002 -1.068263e+003
7.489455e+003 8.397220e+002 -1.074795e+003
7.487941e+003 8.448249e+002 -1.081327e+003
7.486417e+003 8.499267e+002 -1.087857e+003
7.484885e+003 8.550274e+002 -1.094385e+003
7.483343e+003 8.601272e+002 -1.100913e+003
7.481792e+003 8.652258e+002 -1.107439e+003
7.480232e+003 8.703234e+002 -1.113963e+003
7.478663e+003 8.754200e+002 -1.120486e+003
7.477085e+003 8.805154e+002 -1.127008e+003
7.475497e+003 8.856098e+002 -1.133529e+003
7.473901e+003 8.907031e+002 -1.140048e+003
7.472295e+003 8.957953e+002 -1.146566e+003
7.470680e+003 9.008865e+002 -1.153082e+003
7.469056e+003 9.059765e+002 -1.159597e+003
7.467423e+003 9.110654e+002 -1.166111e+003
7.465780e+003 9.161532e+002 -1.172623e+003
7.464129e+003 9.212398e+002 -1.179133e+003
7.462468e+003 9.263254e+002 -1.185642e+003
7.460798e+003 9.314098e+002 -1.192150e+003
7.459119e+003 9.364930e+002 -1.198656e+003
7.457431e+003 9.415751e+002 -1.205161e+003
7.455734e+003 9.466561e+002 -1.211665e+003
7.454027e+003 9.517359e+002 -1.218166e+003
7.452312e+003 9.568145e+002 -1.224667e+003
7.450587e+003 9.618920e+002 -1.231166e+003
7.448853e+003 9.669683e+002 -1.237663e+003
7.447110e+003 9.720434e+002 -1.244159e+003
7.445358e+003 9.771173e+002 -1.250653e+003
7.443597e+003 9.821900e+002 -1.257146e+003
7.441827e+003 9.872615e+002 -1.263637e+003
7.440048e+003 9.923318e+002 -1.270127e+003
7.438259e+003 9.974009e+002 -1.276615e+003
7.436462e+003 1.002469e+003 -1.283101e+003
7.434655e+003 1.007535e+003 -1.289586e+003
7.432839e+003 1.012601e+003 -1.296070e+003
7.431014e+003 1.017665e+003 -1.302552e+003
7.429180e+003 1.022728e+003 -1.309032e+003
7.427337e+003 1.027789e+003 -1.315511e+003
7.425485e+003 1.032850e+003 -1.321988e+003
7.423623e+003 1.037909e+003 -1.328463e+003
7.421753e+003 1.042967e+003 -1.334937e+003
7.419873e+003 1.048023e+003 -1.341409e+003
7.417985e+003 1.053079e+003 -1.347879e+003
7.416087e+003 1.058133e+003 -1.354348e+003
7.414180e+003 1.063186e+003 -1.360815e+003
7.412265e+003 1.068237e+003 -1.367281e+003
7.410340e+003 1.073287e+003 -1.373745e+003
7.408406e+003 1.078336e+003 -1.380207e+003
7.406463e+003 1.083383e+003 -1.386667e+003
7.404510e+003 1.088429e+003 -1.393126e+003
7.402549e+003 1.093474e+003 -1.399583e+003
7.400579e+003 1.098518e+003 -1.406039e+003
7.398600e+003 1.103560e+003 -1.412492e+003
7.396611e+003 1.108601e+003 -1.418944e+003
7.394614e+003 1.113640e+003 -1.425394e+003
7.392607e+003 1.118678e+003 -1.431843e+003
7.390591e+003 1.123715e+003 -1.438289e+003
7.388567e+003 1.128750e+003 -1.444734e+003
7.386533e+003 1.133784e+003 -1.451177e+003
7.384490e+003 1.138816e+003 -1.457619e+003
7.382439e+003 1.143848e+003 -1.464058e+003
7.380378e+003 1.148877e+003 -1.470496e+003
7.378308e+003 1.153906e+003 -1.476932e+003
7.376229e+003 1.158933e+003 -1.483366e+003
7.374141e+003 1.163958e+003 -1.489798e+003
7.372044e+003 1.168982e+003 -1.496229e+003
7.369938e+003 1.174005e+003 -1.502658e+003
7.367823e+003 1.179026e+003 -1.509084e+003
7.365699e+003 1.184046e+003 -1.515509e+003
7.363566e+003 1.189064e+003 -1.521933e+003
7.361424e+003 1.194081e+003 -1.528354e+003
7.359273e+003 1.199096e+003 -1.534773e+003
7.357112e+003 1.204110e+003 -1.541191e+003
7.354943e+003 1.209123e+003 -1.547606e+003
7.352765e+003 1.214134e+003 -1.554020e+003
7.350578e+003 1.219143e+003 -1.560432e+003
7.348382e+003 1.224151e+003 -1.566842e+003
7.346177e+003 1.229158e+003 -1.573250e+003
7.343962e+003 1.234163e+003 -1.579656e+003
7.341739e+003 1.239166e+003 -1.586060e+003
7.339507e+003 1.244168e+003 -1.592462e+003
7.337266e+003 1.249168e+003 -1.598863e+003
7.335016e+003 1.254167e+003 -1.605261e+003
7.332757e+003 1.259165e+003 -1.611657e+003
7.330488e+003 1.264160e+003 -1.618052e+003
7.328211e+003 1.269155e+003 -1.624444e+003
7.325925e+003 1.274147e+003 -1.630834e+003
7.323630e+003 1.279138e+003 -1.637223e+003
7.321326e+003 1.284128e+003 -1.643609e+003
7.319013e+003 1.289116e+003 -1.649993e+003
7.316691e+003 1.294103e+003 -1.656376e+003
7.314360e+003 1.299087e+003 -1.662756e+003
7.312021e+003 1.304071e+003 -1.669134e+003
7.309672e+003 1.309052e+003 -1.675510e+003
7.307314e+003 1.314032e+003 -1.681885e+003
7.304947e+003 1.319011e+003 -1.688257e+003
7.302571e+003 1.323988e+003 -1.694627e+003
7.300187e+003 1.328963e+003 -1.700995e+003
7.297793e+003 1.333936e+003 -1.707361e+003
7.295391e+003 1.338908e+003 -1.713724e+003
7.292979e+003 1.343879e+003 -1.720086e+003
7.290559e+003 1.348847e+003 -1.726446e+003
7.288130e+003 1.353814e+003 -1.732803e+003
7.285691e+003 1.358780e+003 -1.739159e+003
7.283244e+003 1.363743e+003 -1.745512e+003
7.280788e+003 1.368705e+003 -1.751863e+003
7.278323e+003 1.373666e+003 -1.758212e+003
7.275849e+003 1.378624e+003 -1.764559e+003
7.273366e+003 1.383581e+003 -1.770903e+003
7.270875e+003 1.388536e+003 -1.777246e+003
7.268374e+003 1.393490e+003 -1.783586e+003
7.265864e+003 1.398442e+003 -1.789924e+003
7.263346e+003 1.403392e+003 -1.796260e+003
7.260819e+003 1.408340e+003 -1.802594e+003
7.258282e+003 1.413287e+003 -1.808925e+003
7.255737e+003 1.418232e+003 -1.815254e+003
7.253183e+003 1.423175e+003 -1.821581e+003
7.250620e+003 1.428117e+003 -1.827906e+003
7.248048e+003 1.433057e+003 -1.834229e+003
7.245468e+003 1.437995e+003 -1.840549e+003
7.242878e+003 1.442931e+003 -1.846867e+003
7.240280e+003 1.447865e+003 -1.853183e+003
7.237673e+003 1.452798e+003 -1.859497e+003
7.235056e+003 1.457729e+003 -1.865808e+003
7.232431e+003 1.462658e+003 -1.872117e+003
7.229797e+003 1.467585e+003 -1.878424e+003
7.227155e+003 1.472511e+003 -1.884728e+003
7.224503e+003 1.477435e+003 -1.891030e+003
7.221843e+003 1.482356e+003 -1.897330e+003
7.219173e+003 1.487277e+003 -1.903627e+003
7.216495e+003 1.492195e+003 -1.909922e+003
7.213808e+003 1.497111e+003 -1.916215e+003
7.211113e+003 1.502026e+003 -1.922505e+003
7.208408e+003 1.506939e+003 -1.928794e+003
7.205694e+003 1.511850e+003 -1.935079e+003
7.202972e+003 1.516759e+003 -1.941363e+003
7.200241e+003 1.521666e+003 -1.947643e+003
7.197501e+003 1.526571e+003 -1.953922e+003
7.194752e+003 1.531475e+003 -1.960198e+003
7.191995e+003 1.536376e+003 -1.966472e+003
7.189228e+003 1.541276e+003 -1.972743e+003
7.186453e+003 1.546174e+003 -1.979012e+003
7.183669e+003 1.551070e+003 -1.985279e+003
7.180876e+003 1.555964e+003 -1.991543e+003
7.178075e+003 1.560856e+003 -1.997805e+003
7.175264e+003 1.565746e+003 -2.004064e+003
7.172445e+003 1.570635e+003 -2.010321e+003
7.169617e+003 1.575521e+003 -2.016575e+003
7.166781e+003 1.580405e+003 -2.022827e+003
7.163935e+003 1.585288e+003 -2.029076e+003
7.161081e+003 1.590168e+003 -2.035323e+003
7.158218e+003 1.595047e+003 -2.041567e+003
7.155346e+003 1.599924e+003 -2.047809e+003
7.152465e+003 1.604798e+003 -2.054048e+003
7.149576e+003 1.609671e+003 -2.060285e+003
7.146678e+003 1.614542e+003 -2.066520e+003
7.143771e+003 1.619411e+003 -2.072751e+003
7.140855e+003 1.624278e+003 -2.078981e+003
7.137931e+003 1.629142e+003 -2.085207e+003
7.134998e+003 1.634005e+003 -2.091431e+003
7.132056e+003 1.638866e+003 -2.097653e+003
7.129105e+003 1.643725e+003 -2.103872e+003
7.126146e+003 1.648582e+003 -2.110088e+003
7.123178e+003 1.653436e+003 -2.116302e+003
7.120201e+003 1.658289e+003 -2.122513e+003
7.117216e+003 1.663140e+003 -2.128722e+003
7.114222e+003 1.667989e+003 -2.134928e+003
7.111219e+003 1.672835e+003 -2.141132e+003
7.108207e+003 1.677680e+003 -2.147332e+003
7.105187e+003 1.682522e+003 -2.153531e+003
7.102158e+003 1.687363e+003 -2.159726e+003
7.099120e+003 1.692201e+003 -2.165919e+003
7.096073e+003 1.697038e+003 -2.172109e+003
7.093018e+003 1.701872e+003 -2.178297e+003
7.089954e+003 1.706704e+003 -2.184482e+003
7.086882e+003 1.711534e+003 -2.190664e+003
7.083801e+003 1.716362e+003 -2.196843e+003
7.080711e+003 1.721188e+003 -2.203020e+003
7.077612e+003 1.726012e+003 -2.209195e+003
7.074505e+003 1.730834e+003 -2.215366e+003
7.071389e+003 1.735653e+003 -2.221535e+003
7.068265e+003 1.740471e+003 -2.227701e+003
7.065131e+003 1.745286e+003 -2.233864e+003
7.061990e+003 1.750099e+003 -2.240025e+003
7.058839e+003 1.754910e+003 -2.246182e+003
7.055680e+003 1.759719e+003 -2.252337e+003
7.052512e+003 1.764526e+003 -2.258490e+003
7.049336e+003 1.769330e+003 -2.264639e+003
7.046151e+003 1.774132e+003 -2.270786e+003
7.042957e+003 1.778933e+003 -2.276930e+003
7.039755e+003 1.783731e+003 -2.283071e+003
7.036544e+003 1.788527e+003 -2.289210e+003
7.033324e+003 1.793320e+003 -2.295345e+003
7.030096e+003 1.798112e+003 -2.301478e+003
7.026859e+003 1.802901e+003 -2.307608e+003
7.023614e+003 1.807688e+003 -2.313735e+003
7.020360e+003 1.812473e+003 -2.319859e+003
7.017097e+003 1.817255e+003 -2.325981e+003
7.013826e+003 1.822036e+003 -2.332099e+003
7.010546e+003 1.826814e+003 -2.338215e+003
7.007258e+003 1.831590e+003 -2.344328e+003
7.003961e+003 1.836363e+003 -2.350438e+003
7.000655e+003 1.841135e+003 -2.356545e+003
6.997341e+003 1.845904e+003 -2.362649e+003
6.994018e+003 1.850671e+003 -2.368751e+003
6.990687e+003 1.855436e+003 -2.374849e+003
6.987347e+003 1.860198e+003 -2.380945e+003
6.983999e+003 1.864958e+003 -2.387037e+003
6.980642e+003 1.869716e+003 -2.393127e+003
6.977276e+003 1.874471e+003 -2.399214e+003
6.973902e+003 1.879224e+003 -2.405298e+003
6.970520e+003 1.883975e+003 -2.411379e+003
6.967128e+003 1.888724e+003 -2.417456e+003
6.963729e+003 1.893470e+003 -2.423531e+003
6.960321e+003 1.898214e+003 -2.429603e+003
6.956904e+003 1.902956e+003 -2.435672e+003
6.953479e+003 1.907695e+003 -2.441738e+003
6.950045e+003 1.912432e+003 -2.447802e+003
6.946603e+003 1.917167e+003 -2.453862e+003
6.943152e+003 1.921899e+003 -2.459919e+003
6.939693e+003 1.926629e+003 -2.465973e+003
6.936225e+003 1.931357e+003 -2.472024e+003
6.932748e+003 1.936082e+003 -2.478072e+003
6.929264e+003 1.940805e+003 -2.484117e+003
6.925770e+003 1.945525e+003 -2.490158e+003
6.922269e+003 1.950243e+003 -2.496197e+003
6.918758e+003 1.954959e+003 -2.502233e+003
6.915240e+003 1.959672e+003 -2.508266e+003
6.911713e+003 1.964383e+003 -2.514295e+003
6.908177e+003 1.969091e+003 -2.520322e+003
6.904633e+003 1.973797e+003 -2.526346e+003
6.901080e+003 1.978501e+003 -2.532366e+003
6.897519e+003 1.983202e+003 -2.538383e+003
6.893950e+003 1.987901e+003 -2.544397e+003
6.890372e+003 1.992597e+003 -2.550408e+003
6.886786e+003 1.997291e+003 -2.556416e+003
6.883191e+003 2.001983e+003 -2.562421e+003
6.879588e+003 2.006672e+003 -2.568423e+003
6.875976e+003 2.011358e+003 -2.574421e+003
6.872356e+003 2.016043e+003 -2.580417e+003
6.868727e+003 2.020724e+003 -2.586409e+003
6.865090e+003 2.025403e+003 -2.592398e+003
6.861445e+003 2.030080e+003 -2.598384e+003
6.857791e+003 2.034754e+003 -2.604367e+003
6.854129e+003 2.039426e+003 -2.610346e+003
6.850459e+003 2.044095e+003 -2.616322e+003
6.846780e+003 2.048762e+003 -2.622295e+003
6.843093e+003 2.053426e+003 -2.628265e+003
6.839397e+003 2.058088e+003 -2.634232e+003
6.835693e+003 2.062747e+003 -2.640195e+003
6.831980e+003 2.067403e+003 -2.646156e+003
6.828260e+003 2.072057e+003 -2.652113e+003
6.824530e+003 2.076709e+003 -2.658066e+003
6.820793e+003 2.081358e+003 -2.664017e+003
6.817047e+003 2.086004e+003 -2.669964e+003
6.813293e+003 2.090648e+003 -2.675908e+003
6.809530e+003 2.095290e+003 -2.681848e+003
6.805759e+003 2.099928e+003 -2.687786e+003
6.801980e+003 2.104565e+003 -2.693720e+003
6.798193e+003 2.109198e+003 -2.699651e+003
6.794397e+003 2.113829e+003 -2.705578e+003
6.790592e+003 2.118458e+003 -2.711502e+003
6.786780e+003 2.123084e+003 -2.717423e+003
6.782959e+003 2.127707e+003 -2.723341e+003
6.779130e+003 2.132327e+003 -2.729255e+003
6.775292e+003 2.136946e+003 -2.735166e+003
6.771447e+003 2.141561e+003 -2.741073e+003
6.767593e+003 2.146174e+003 -2.746977e+003
6.763730e+003 2.150784e+003 -2.752878e+003
6.759859e+003 2.155391e+003 -2.758775e+003
6.755981e+003 2.159996e+003 -2.764669e+003
6.752093e+003 2.164599e+003 -2.770560e+003
6.748198e+003 2.169198e+003 -2.776447e+003
6.744294e+003 2.173795e+003 -2.782331e+003
6.740382e+003 2.178389e+003 -2.788211e+003
6.736462e+003 2.182981e+003 -2.794088e+003
6.732533e+003 2.187570e+003 -2.799962e+003
6.728597e+003 2.192156e+003 -2.805832e+003
6.724652e+003 2.196740e+003 -2.811699e+003
6.720698e+003 2.201321e+003 -2.817562e+003
6.716737e+003 2.205899e+003 -2.823422e+003
6.712767e+003 2.210474e+003 -2.829278e+003
6.708789e+003 2.215047e+003 -2.835131e+003
6.704803e+003 2.219617e+003 -2.840980e+003
6.700809e+003 2.224184e+003 -2.846826e+003
6.696806e+003 2.228749e+003 -2.852669e+003
6.692795e+003 2.233311e+003 -2.858507e+003
6.688776e+003 2.237870e+003 -2.864343e+003
6.684749e+003 2.242426e+003 -2.870175e+003
6.680714e+003 2.246980e+003 -2.876003e+003
6.676670e+003 2.251531e+003 -2.881828e+003
6.672619e+003 2.256079e+003 -2.887649e+003
6.668559e+003 2.260624e+003 -2.893467e+003
6.664491e+003 2.265167e+003 -2.899282e+003
6.660415e+003 2.269707e+003 -2.905092e+003
6.656330e+003 2.274244e+003 -2.910899e+003
6.652238e+003 2.278778e+003 -2.916703e+003
6.648137e+003 2.283310e+003 -2.922503e+003
6.644028e+003 2.287838e+003 -2.928300e+003
6.639911e+003 2.292364e+003 -2.934092e+003
6.635786e+003 2.296887e+003 -2.939882e+003
6.631653e+003 2.301408e+003 -2.945667e+003
6.627512e+003 2.305925e+003 -2.951449e+003
6.623362e+003 2.310440e+003 -2.957228e+003
6.619205e+003 2.314951e+003 -2.963003e+003
6.615039e+003 2.319460e+003 -2.968774e+003
6.610865e+003 2.323966e+003 -2.974541e+003
6.606683e+003 2.328470e+003 -2.980305e+003
6.602493e+003 2.332970e+003 -2.986066e+003
6.598295e+003 2.337468e+003 -2.991822e+003
6.594089e+003 2.341962e+003 -2.997575e+003
6.589875e+003 2.346454e+003 -3.003324e+003
6.585652e+003 2.350943e+003 -3.009070e+003
6.581422e+003 2.355429e+003 -3.014812e+003
6.577184e+003 2.359912e+003 -3.020550e+003
6.572937e+003 2.364393e+003 -3.026285e+003
6.568683e+003 2.368870e+003 -3.032015e+003
6.564420e+003 2.373344e+003 -3.037742e+003
6.560149e+003 2.377816e+003 -3.043466e+003
6.555871e+003 2.382285e+003 -3.049185e+003
6.551584e+003 2.386750e+003 -3.054901e+003
6.547289e+003 2.391213e+003 -3.060613e+003
6.542987e+003 2.395673e+003 -3.066322e+003
6.538676e+003 2.400130e+003 -3.072026e+003
6.534357e+003 2.404584e+003 -3.077727e+003
6.530030e+003 2.409035e+003 -3.083424e+003
6.525696e+003 2.413483e+003 -3.089118e+003
6.521353e+003 2.417929e+003 -3.094807e+003
6.517002e+003 2.422371e+003 -3.100493e+003
6.512643e+003 2.426810e+003 -3.106175e+003
6.508277e+003 2.431246e+003 -3.111853e+003
6.503902e+003 2.435680e+003 -3.117528e+003
6.499519e+003 2.440110e+003 -3.123198e+003
6.495129e+003 2.444537e+003 -3.128865e+003
6.490730e+003 2.448961e+003 -3.134528e+003
6.486324e+003 2.453383e+003 -3.140187e+003
6.481909e+003 2.457801e+003 -3.145842e+003
6.477487e+003 2.462216e+003 -3.151493e+003
6.473056e+003 2.466629e+003 -3.157141e+003
6.468618e+003 2.471038e+003 -3.162784e+003
6.464172e+003 2.475444e+003 -3.168424e+003
6.459718e+003 2.479847e+003 -3.174060e+003
6.455256e+003 2.484248e+003 -3.179692e+003
6.450786e+003 2.488645e+003 -3.185320e+003
6.446308e+003 2.493039e+003 -3.190944e+003
6.441822e+003 2.497430e+003 -3.196564e+003
6.437329e+003 2.501818e+003 -3.202181e+003
6.432827e+003 2.506203e+003 -3.207793e+003
6.428318e+003 2.510584e+003 -3.213402e+003
6.423800e+003 2.514963e+003 -3.219006e+003
6.419275e+003 2.519339e+003 -3.224607e+003
6.414742e+003 2.523712e+003 -3.230203e+003
6.410201e+003 2.528081e+003 -3.235796e+003
6.405653e+003 2.532447e+003 -3.241385e+003
6.401096e+003 2.536811e+003 -3.246970e+003
6.396532e+003 2.541171e+003 -3.252550e+003
6.391960e+003 2.545528e+003 -3.258127e+003
6.387380e+003 2.549882e+003 -3.263700e+003
6.382792e+003 2.554233e+003 -3.269269e+003
6.378196e+003 2.558580e+003 -3.274834e+003
6.373592e+003 2.562925e+003 -3.280394e+003
6.368981e+003 2.567266e+003 -3.285951e+003
6.364362e+003 2.571605e+003 -3.291504e+003
6.359735e+003 2.575940e+003 -3.297053e+003
6.355100e+003 2.580272e+003 -3.302597e+003
6.350458e+003 2.584601e+003 -3.308138e+003
6.345808e+003 2.588926e+003 -3.313675e+003
6.341150e+003 2.593249e+003 -3.319207e+003
6.336484e+003 2.597568e+003 -3.324736e+003
6.331810e+003 2.601884e+003 -3.330260e+003
6.327129e+003 2.606197e+003 -3.335780e+003
6.322440e+003 2.610507e+003 -3.341297e+003
6.317743e+003 2.614813e+003 -3.346809e+003
6.313038e+003 2.619117e+003 -3.352317e+003
6.308326e+003 2.623417e+003 -3.357821e+003
6.303606e+003 2.627714e+003 -3.363320e+003
6.298878e+003 2.632008e+003 -3.368816e+003
6.294143e+003 2.636298e+003 -3.374308e+003
6.289400e+003 2.640585e+003 -3.379795e+003
6.284649e+003 2.644869e+003 -3.385278e+003
6.279890e+003 2.649150e+003 -3.390758e+003
6.275124e+003 2.653428e+003 -3.396233e+003
6.270350e+003 2.657702e+003 -3.401703e+003
6.265568e+003 2.661973e+003 -3.407170e+003
6.260779e+003 2.666241e+003 -3.412632e+003
6.255982e+003 2.670505e+003 -3.418091e+003
6.251177e+003 2.674766e+003 -3.423545e+003
6.246365e+003 2.679024e+003 -3.428995e+003
6.241545e+003 2.683279e+003 -3.434441e+003
6.236717e+003 2.687530e+003 -3.439882e+003
6.231882e+003 2.691779e+003 -3.445319e+003
6.227039e+003 2.696023e+003 -3.450752e+003
6.222189e+003 2.700265e+003 -3.456181e+003
6.217331e+003 2.704503e+003 -3.461606e+003
6.212465e+003 2.708738e+003 -3.467026e+003
6.207592e+003 2.712969e+003 -3.472442e+003
6.202711e+003 2.717198e+003 -3.477854e+003
6.197822e+003 2.721423e+003 -3.483262e+003
6.192926e+003 2.725644e+003 -3.488665e+003
6.188022e+003 2.729862e+003 -3.494064e+003
6.183111e+003 2.734077e+003 -3.499459e+003
6.178192e+003 2.738289e+003 -3.504850e+003
6.173266e+003 2.742497e+003 -3.510236e+003
6.168332e+003 2.746702e+003 -3.515618e+003
6.163390e+003 2.750903e+003 -3.520995e+003
6.158441e+003 2.755101e+003 -3.526369e+003
6.153484e+003 2.759296e+003 -3.531738e+003
6.148520e+003 2.763487e+003 -3.537102e+003
6.143548e+003 2.767675e+003 -3.542463e+003
6.138569e+003 2.771860e+003 -3.547819e+003
6.133582e+003 2.776041e+003 -3.553170e+003
6.128588e+003 2.780219e+003 -3.558518e+003
6.123586e+003 2.784393e+003 -3.563861e+003
6.118577e+003 2.788564e+003 -3.569199e+003
6.113560e+003 2.792732e+003 -3.574533e+003
6.108536e+003 2.796896e+003 -3.579863e+003
6.103504e+003 2.801056e+003 -3.585189e+003
6.098465e+003 2.805214e+003 -3.590510e+003
6.093418e+003 2.809367e+003 -3.595826e+003
6.088364e+003 2.813518e+003 -3.601138e+003
6.083302e+003 2.817665e+003 -3.606446e+003
6.078233e+003 2.821808e+003 -3.611750e+003
6.073156e+003 2.825948e+003 -3.617049e+003
6.068072e+003 2.830085e+003 -3.622343e+003
6.062981e+003 2.834218e+003 -3.627633e+003
6.057882e+003 2.838347e+003 -3.632919e+003
6.052776e+003 2.842474e+003 -3.638200e+003
6.047662e+003 2.846596e+003 -3.643477e+003
6.042541e+003 2.850715e+003 -3.648749e+003
6.037413e+003 2.854831e+003 -3.654017e+003
6.032277e+003 2.858943e+003 -3.659280e+003
6.027134e+003 2.863052e+003 -3.664539e+003
6.021983e+003 2.867157e+003 -3.669794e+003
6.016825e+003 2.871259e+003 -3.675044e+003
6.011659e+003 2.875357e+003 -3.680289e+003
6.006487e+003 2.879451e+003 -3.685530e+003
6.001307e+003 2.883543e+003 -3.690766e+003
5.996119e+003 2.887630e+003 -3.695998e+003
5.990924e+003 2.891714e+003 -3.701225e+003
5.985722e+003 2.895795e+003 -3.706448e+003
5.980513e+003 2.899872e+003 -3.711666e+003
5.975296e+003 2.903945e+003 -3.716880e+003
5.970072e+003 2.908015e+003 -3.722089e+003
5.964840e+003 2.912081e+003 -3.727294e+003
5.959601e+003 2.916144e+003 -3.732494e+003
5.954355e+003 2.920203e+003 -3.737689e+003
5.949102e+003 2.924258e+003 -3.742880e+003
5.943841e+003 2.928310e+003 -3.748066e+003
5.938574e+003 2.932359e+003 -3.753248e+003
5.933298e+003 2.936403e+003 -3.758425e+003
5.928016e+003 2.940445e+003 -3.763598e+003
5.922726e+003 2.944482e+003 -3.768765e+003
5.917429e+003 2.948516e+003 -3.773929e+003
5.912125e+003 2.952547e+003 -3.779087e+003
5.906813e+003 2.956573e+003 -3.784241e+003
5.901495e+003 2.960596e+003 -3.789391e+003
5.896169e+003 2.964616e+003 -3.794535e+003
5.890836e+003 2.968632e+003 -3.799675e+003
5.885495e+003 2.972644e+003 -3.804811e+003
5.880148e+003 2.976653e+003 -3.809942e+003
5.874793e+003 2.980658e+003 -3.815068e+003
5.869431e+003 2.984659e+003 -3.820189e+003
5.864062e+003 2.988656e+003 -3.825306e+003
5.858685e+003 2.992650e+003 -3.830418e+003
5.853302e+003 2.996641e+003 -3.835525e+003
5.847911e+003 3.000627e+003 -3.840628e+003
5.842513e+003 3.004610e+003 -3.845726e+003
5.837108e+003 3.008590e+003 -3.850819e+003
5.831696e+003 3.012565e+003 -3.855908e+003
5.826277e+003 3.016537e+003 -3.860992e+003
5.820850e+003 3.020505e+003 -3.866071e+003
5.815417e+003 3.024470e+003 -3.871145e+003
5.809976e+003 3.028431e+003 -3.876215e+003
5.804528e+003 3.032388e+003 -3.881279e+003
5.799073e+003 3.036341e+003 -3.886339e+003
5.793611e+003 3.040291e+003 -3.891395e+003
5.788142e+003 3.044237e+003 -3.896445e+003
5.782666e+003 3.048179e+003 -3.901491e+003
5.777183e+003 3.052117e+003 -3.906532e+003
5.771692e+003 3.056052e+003 -3.911568e+003
5.766195e+003 3.059983e+003 -3.916600e+003
5.760690e+003 3.063910e+003 -3.921627e+003
5.755179e+003 3.067834e+003 -3.926648e+003
5.749660e+003 3.071754e+003 -3.931665e+003
5.744134e+003 3.075670e+003 -3.936678e+003
5.738602e+003 3.079582e+003 -3.941685e+003
5.733062e+003 3.083490e+003 -3.946688e+003
5.727515e+003 3.087395e+003 -3.951685e+003
5.721961e+003 3.091296e+003 -3.956678e+003
5.716401e+003 3.095193e+003 -3.961666e+003
5.710833e+003 3.099086e+003 -3.966649e+003
5.705258e+003 3.102976e+003 -3.971628e+003
5.699676e+003 3.106861e+003 -3.976601e+003
5.694087e+003 3.110743e+003 -3.981570e+003
5.688492e+003 3.114621e+003 -3.986533e+003
5.682889e+003 3.118496e+003 -3.991492e+003
5.677279e+003 3.122366e+003 -3.996446e+003
5.671663e+003 3.126233e+003 -4.001395e+003
5.666039e+003 3.130095e+003 -4.006339e+003
5.660409e+003 3.133954e+003 -4.011279e+003
5.654771e+003 3.137809e+003 -4.016213e+003
5.649127e+003 3.141661e+003 -4.021142e+003
5.643476e+003 3.145508e+003 -4.026067e+003
5.637817e+003 3.149352e+003 -4.030986e+003
5.632152e+003 3.153191e+003 -4.035901e+003
5.626480e+003 3.157027e+003 -4.040811e+003
5.620801e+003 3.160859e+003 -4.045715e+003
5.615116e+003 3.164687e+003 -4.050615e+003
5.609423e+003 3.168512e+003 -4.055510e+003
5.603723e+003 3.172332e+003 -4.060400e+003
5.598017e+003 3.176148e+003 -4.065285e+003
5.592304e+003 3.179961e+003 -4.070164e+003
5.586584e+003 3.183770e+003 -4.075039e+003
5.580857e+003 3.187574e+003 -4.079909e+003
5.575123e+003 3.191375e+003 -4.084774e+003
5.569382e+003 3.195172e+003 -4.089634e+003
5.563635e+003 3.198965e+003 -4.094489e+003
5.557881e+003 3.202755e+003 -4.099339e+003
5.552120e+003 3.206540e+003 -4.104184e+003
