0.127369 -0.154199 -0.000000
0.126914 -0.154573 -0.000000
0.127164 -0.154367 -0.000000
0.127363 -0.154204 -0.000000
0.127316 -0.154242 -0.000000
0.127228 -0.154314 -0.000000
0.127130 -0.154396 -0.000000
0.127026 -0.154481 -0.000000
0.126917 -0.154570 -0.000000
0.126804 -0.154663 -0.000000
0.126687 -0.154760 -0.000000
0.126565 -0.154859 -0.000000
0.126438 -0.154963 -0.000000
0.126306 -0.155070 -0.000000
0.126170 -0.155181 -0.000000
0.126029 -0.155295 -0.000000
0.125883 -0.155414 -0.000000
0.125731 -0.155537 -0.000000
0.125575 -0.155663 -0.000000
0.125412 -0.155794 -0.000000
0.125244 -0.155929 -0.000000
0.125071 -0.156068 -0.000000
0.124891 -0.156212 -0.000000
0.124705 -0.156361 -0.000000
0.124513 -0.156514 -0.000000
0.124314 -0.156672 -0.000000
0.124109 -0.156835 -0.000000
0.123896 -0.157003 -0.000000
0.123676 -0.157176 -0.000000
0.123448 -0.157355 -0.000000
0.123212 -0.157540 -0.000000
0.122969 -0.157730 -0.000000
0.122716 -0.157927 -0.000000
0.122454 -0.158129 -0.000000
0.122183 -0.158339 -0.000000
0.121903 -0.158555 -0.000000
0.121611 -0.158779 -0.000000
0.121309 -0.159010 -0.000000
0.120995 -0.159249 -0.000000
0.120669 -0.159496 -0.000000
0.120330 -0.159752 -0.000000
0.119978 -0.160017 -0.000000
0.119610 -0.160292 -0.000000
0.119228 -0.160576 -0.000000
0.118828 -0.160872 -0.000000
0.118411 -0.161179 -0.000000
0.117975 -0.161499 -0.000000
0.117518 -0.161832 -0.000000
0.117039 -0.162178 -0.000000
0.116536 -0.162541 -0.000000
0.116006 -0.162919 -0.000000
0.115447 -0.163316 -0.000000
0.114856 -0.163732 -0.000000
0.114230 -0.164169 -0.000000
0.113564 -0.164630 -0.000000
0.112855 -0.165118 -0.000000
0.112095 -0.165634 -0.000000
0.111279 -0.166183 -0.000000
0.110398 -0.166770 -0.000000
0.109441 -0.167400 -0.000000
0.108394 -0.168079 -0.000000
0.101096 -0.159141 -0.000000
0.090042 -0.144050 -0.000000
0.079162 -0.128792 -0.000000
0.068484 -0.113344 -0.000000
0.058076 -0.097750 -0.000000
0.049063 -0.083743 -0.000000
0.041965 -0.072335 -0.000000
0.036842 -0.063783 -0.000000
0.033762 -0.058291 -0.000000
0.032679 -0.055843 -0.000000
0.032881 -0.055371 -0.000000
0.033161 -0.055054 -0.000000
0.033413 -0.054770 -0.000000
0.033630 -0.054523 -0.000000
0.033814 -0.054315 -0.000000
0.033966 -0.054142 -0.000000
0.034091 -0.054000 -0.000000
0.034193 -0.053884 -0.000000
0.034275 -0.053790 -0.000000
0.034341 -0.053715 -0.000000
0.034394 -0.053654 -0.000000
0.034437 -0.053606 -0.000000
0.034471 -0.053567 -0.000000
0.034498 -0.053536 -0.000000
0.034519 -0.053511 -0.000000
0.034536 -0.053491 -0.000000
0.034550 -0.053476 -0.000000
0.034560 -0.053463 -0.000000
0.034569 -0.053454 -0.000000
0.034575 -0.053446 -0.000000
0.034580 -0.053440 -0.000000
0.034584 -0.053435 -0.000000
0.034587 -0.053432 -0.000000
0.034590 -0.053429 -0.000000
0.034591 -0.053427 -0.000000
0.034593 -0.053425 -0.000000
0.034593 -0.053424 -0.000000
0.034594 -0.053423 -0.000000
0.034594 -0.053423 -0.000000
0.034594 -0.053423 -0.000000
0.034594 -0.053422 -0.000000
0.034594 -0.053422 -0.000000
0.034594 -0.053423 -0.000000
0.034593 -0.053423 -0.000000
0.034593 -0.053423 -0.000000
0.034592 -0.053423 -0.000000
0.034592 -0.053424 -0.000000
0.034591 -0.053424 -0.000000
0.034591 -0.053425 -0.000000
0.034590 -0.053425 -0.000000
0.034590 -0.053426 -0.000000
0.034589 -0.053426 -0.000000
0.034588 -0.053427 -0.000000
0.034588 -0.053427 -0.000000
0.034587 -0.053428 -0.000000
0.034586 -0.053428 -0.000000
0.034586 -0.053429 -0.000000
0.034585 -0.053430 -0.000000
0.034585 -0.053430 -0.000000
0.034584 -0.053431 -0.000000
0.034583 -0.053431 -0.000000
0.034583 -0.053432 -0.000000
0.034582 -0.053432 -0.000000
0.034581 -0.053433 -0.000000
0.034581 -0.053434 -0.000000
0.034580 -0.053434 -0.000000
0.034579 -0.053435 -0.000000
0.034579 -0.053435 -0.000000
0.034578 -0.053436 -0.000000
0.034577 -0.053436 -0.000000
0.034577 -0.053437 -0.000000
0.034576 -0.053437 -0.000000
0.034576 -0.053437 -0.000000
0.034576 -0.053437 -0.000000
0.034576 -0.053437 -0.000000
0.034576 -0.053437 -0.000000
0.034576 -0.053437 -0.000000
0.034576 -0.053436 -0.000000
0.034576 -0.053436 -0.000000
0.034577 -0.053435 -0.000000
0.034577 -0.053435 -0.000000
0.034577 -0.053434 -0.000000
0.034577 -0.053434 -0.000000
0.034578 -0.053433 -0.000000
0.034578 -0.053433 -0.000000
0.034578 -0.053432 -0.000000
0.034579 -0.053432 -0.000000
0.034579 -0.053431 -0.000000
0.034579 -0.053431 -0.000000
0.034580 -0.053430 -0.000000
0.034580 -0.053429 -0.000000
0.034581 -0.053429 -0.000000
0.034581 -0.053428 -0.000000
0.034581 -0.053428 -0.000000
0.034582 -0.053427 -0.000000
0.034582 -0.053426 -0.000000
0.034582 -0.053426 -0.000000
0.034583 -0.053425 -0.000000
0.034583 -0.053425 -0.000000
0.034583 -0.053424 -0.000000
0.034584 -0.053423 -0.000000
0.034584 -0.053423 -0.000000
0.034585 -0.053422 -0.000000
0.034585 -0.053421 -0.000000
0.034585 -0.053421 -0.000000
0.034586 -0.053420 -0.000000
0.034586 -0.053420 -0.000000
0.034587 -0.053419 -0.000000
0.034587 -0.053418 -0.000000
0.034587 -0.053418 -0.000000
0.034588 -0.053417 -0.000000
0.034588 -0.053417 -0.000000
0.034588 -0.053416 -0.000000
0.034589 -0.053415 -0.000000
0.034589 -0.053415 -0.000000
0.034590 -0.053414 -0.000000
0.034590 -0.053414 -0.000000
0.034590 -0.053413 -0.000000
0.034591 -0.053412 -0.000000
0.034591 -0.053412 -0.000000
0.034591 -0.053411 -0.000000
0.034592 -0.053411 -0.000000
0.034592 -0.053410 -0.000000
0.034593 -0.053409 -0.000000
0.034593 -0.053409 -0.000000
0.034593 -0.053408 -0.000000
0.034594 -0.053408 -0.000000
0.034594 -0.053407 -0.000000
0.034594 -0.053406 -0.000000
0.034595 -0.053406 -0.000000
0.034595 -0.053405 -0.000000
0.034596 -0.053404 -0.000000
0.034596 -0.053404 -0.000000
0.034596 -0.053403 -0.000000
0.034597 -0.053403 -0.000000
0.034597 -0.053402 -0.000000
0.034598 -0.053401 -0.000000
0.034598 -0.053401 -0.000000
0.034598 -0.053400 -0.000000
0.034599 -0.053400 -0.000000
0.034599 -0.053399 -0.000000
0.034599 -0.053398 -0.000000
0.034600 -0.053398 -0.000000
0.034600 -0.053397 -0.000000
0.034601 -0.053397 -0.000000
0.034601 -0.053396 -0.000000
0.034601 -0.053395 -0.000000
0.034602 -0.053395 -0.000000
0.034602 -0.053394 -0.000000
0.034602 -0.053394 -0.000000
0.034603 -0.053393 -0.000000
0.034603 -0.053392 -0.000000
0.034604 -0.053392 -0.000000
0.034604 -0.053391 -0.000000
0.034604 -0.053391 -0.000000
0.034605 -0.053390 -0.000000
0.034605 -0.053389 -0.000000
0.034606 -0.053389 -0.000000
0.034606 -0.053388 -0.000000
0.034606 -0.053388 -0.000000
0.034607 -0.053387 -0.000000
0.034607 -0.053386 -0.000000
0.034607 -0.053386 -0.000000
0.034608 -0.053385 -0.000000
0.034608 -0.053384 -0.000000
0.034609 -0.053384 -0.000000
0.034609 -0.053383 -0.000000
0.034609 -0.053383 -0.000000
0.034610 -0.053382 -0.000000
0.034610 -0.053381 -0.000000
0.034610 -0.053381 -0.000000
0.034611 -0.053380 -0.000000
0.034611 -0.053380 -0.000000
0.034612 -0.053379 -0.000000
0.034612 -0.053378 -0.000000
0.034612 -0.053378 -0.000000
0.034613 -0.053377 -0.000000
0.034613 -0.053377 -0.000000
0.034613 -0.053376 -0.000000
0.034614 -0.053375 -0.000000
0.154141 -0.127439 -0.000000
0.153251 -0.128507 -0.000000
0.152035 -0.129944 -0.000000
0.150635 -0.131564 -0.000000
0.149115 -0.133284 -0.000000
0.147505 -0.135064 -0.000000
0.145817 -0.136884 -0.000000
0.144059 -0.138734 -0.000000
0.142232 -0.140606 -0.000000
0.140338 -0.142496 -0.000000
0.138379 -0.144399 -0.000000
0.136355 -0.146312 -0.000000
0.134267 -0.148231 -0.000000
0.132116 -0.150152 -0.000000
0.129901 -0.152071 -0.000000
0.127625 -0.153987 -0.000000
0.125287 -0.155895 -0.000000
0.122888 -0.157793 -0.000000
0.120429 -0.159677 -0.000000
0.117910 -0.161546 -0.000000
0.115332 -0.163397 -0.000000
0.112694 -0.165227 -0.000000
0.109998 -0.167034 -0.000000
0.107243 -0.168816 -0.000000
0.104430 -0.170571 -0.000000
0.101558 -0.172296 -0.000000
0.098626 -0.173991 -0.000000
0.095635 -0.175653 -0.000000
0.092583 -0.177281 -0.000000
0.089470 -0.178872 -0.000000
0.086295 -0.180425 -0.000000
0.083057 -0.181938 -0.000000
0.079754 -0.183410 -0.000000
0.076385 -0.184839 -0.000000
0.072947 -0.186222 -0.000000
0.069439 -0.187558 -0.000000
0.065858 -0.188846 -0.000000
0.062201 -0.190082 -0.000000
0.058465 -0.191264 -0.000000
0.054647 -0.192390 -0.000000
0.050741 -0.193456 -0.000000
0.046745 -0.194461 -0.000000
0.042652 -0.195399 -0.000000
0.038458 -0.196268 -0.000000
0.034154 -0.197062 -0.000000
0.029736 -0.197777 -0.000000
0.025199 -0.198406 -0.000000
0.020558 -0.198941 -0.000000
0.015810 -0.199374 -0.000000
0.010948 -0.199700 -0.000000
0.005966 -0.199911 -0.000000
0.000858 -0.199998 -0.000000
-0.004383 -0.199952 0.000000
-0.009767 -0.199761 0.000000
-0.015301 -0.199414 0.000000
-0.020997 -0.198895 0.000000
-0.026866 -0.198187 0.000000
-0.032922 -0.197272 0.000000
-0.039180 -0.196125 0.000000
-0.045658 -0.194719 0.000000
-0.052377 -0.193020 0.000000
-0.059362 -0.190987 0.000000
-0.066640 -0.188571 0.000000
-0.074245 -0.185709 0.000000
-0.082213 -0.182321 0.000000
-0.090590 -0.178307 0.000000
-0.099423 -0.173537 0.000000
-0.108765 -0.167840 0.000000
-0.116259 -0.157723 0.000000
-0.116805 -0.138074 0.000000
-0.116535 -0.118407 0.000000
-0.115449 -0.098768 0.000000
-0.113558 -0.079285 0.000000
-0.110997 -0.060744 0.000000
-0.108002 -0.043831 0.000000
-0.104801 -0.028795 0.000000
-0.101577 -0.015644 0.000000
-0.098461 -0.004263 0.000000
-0.095537 0.005513 -0.000000
-0.092853 0.013869 -0.000000
-0.090430 0.020987 -0.000000
-0.088271 0.027035 -0.000000
-0.086366 0.032164 -0.000000
-0.084699 0.036510 -0.000000
-0.083249 0.040188 -0.000000
-0.081995 0.043299 -0.000000
-0.080914 0.045930 -0.000000
-0.079986 0.048154 -0.000000
-0.079191 0.050033 -0.000000
-0.078512 0.051621 -0.000000
-0.077933 0.052962 -0.000000
-0.077440 0.054096 -0.000000
-0.077021 0.055053 -0.000000
-0.076664 0.055862 -0.000000
-0.076362 0.056546 -0.000000
-0.076105 0.057123 -0.000000
-0.075887 0.057611 -0.000000
-0.075703 0.058024 -0.000000
-0.075547 0.058372 -0.000000
-0.075414 0.058667 -0.000000
-0.075302 0.058916 -0.000000
-0.075207 0.059127 -0.000000
-0.075127 0.059305 -0.000000
-0.075059 0.059456 -0.000000
-0.075001 0.059584 -0.000000
-0.074952 0.059692 -0.000000
-0.074910 0.059783 -0.000000
-0.074875 0.059861 -0.000000
-0.074845 0.059927 -0.000000
-0.074820 0.059983 -0.000000
-0.074798 0.060030 -0.000000
-0.074780 0.060070 -0.000000
-0.074764 0.060105 -0.000000
-0.074751 0.060134 -0.000000
-0.074739 0.060159 -0.000000
-0.074729 0.060181 -0.000000
-0.074721 0.060199 -0.000000
-0.074714 0.060215 -0.000000
-0.074707 0.060229 -0.000000
-0.074702 0.060241 -0.000000
-0.074697 0.060251 -0.000000
-0.074693 0.060260 -0.000000
-0.074689 0.060268 -0.000000
-0.074686 0.060275 -0.000000
-0.074683 0.060281 -0.000000
-0.074681 0.060286 -0.000000
-0.074678 0.060291 -0.000000
-0.074676 0.060296 -0.000000
-0.074674 0.060300 -0.000000
-0.074673 0.060303 -0.000000
-0.074671 0.060307 -0.000000
-0.074669 0.060310 -0.000000
-0.074668 0.060313 -0.000000
-0.074667 0.060316 -0.000000
-0.074665 0.060318 -0.000000
-0.074664 0.060321 -0.000000
-0.074663 0.060323 -0.000000
-0.074662 0.060325 -0.000000
-0.074661 0.060328 -0.000000
-0.074660 0.060330 -0.000000
-0.074659 0.060332 -0.000000
-0.074658 0.060334 -0.000000
-0.074656 0.060336 -0.000000
-0.074656 0.060338 -0.000000
-0.074655 0.060340 -0.000000
-0.074654 0.060342 -0.000000
-0.074653 0.060344 -0.000000
-0.074652 0.060346 -0.000000
-0.074651 0.060348 -0.000000
-0.074650 0.060349 -0.000000
-0.074649 0.060351 -0.000000
-0.074648 0.060353 -0.000000
-0.074647 0.060355 -0.000000
-0.074646 0.060357 -0.000000
-0.074645 0.060359 -0.000000
-0.074644 0.060360 -0.000000
-0.074643 0.060362 -0.000000
-0.074642 0.060364 -0.000000
-0.074642 0.060366 -0.000000
-0.074641 0.060368 -0.000000
-0.074640 0.060369 -0.000000
-0.074639 0.060371 -0.000000
-0.074638 0.060373 -0.000000
-0.074637 0.060375 -0.000000
-0.074636 0.060377 -0.000000
-0.074635 0.060378 -0.000000
-0.074634 0.060380 -0.000000
-0.074633 0.060382 -0.000000
-0.074633 0.060384 -0.000000
-0.074632 0.060385 -0.000000
-0.074631 0.060387 -0.000000
-0.074630 0.060389 -0.000000
-0.074629 0.060391 -0.000000
-0.074628 0.060392 -0.000000
-0.074627 0.060394 -0.000000
-0.074626 0.060396 -0.000000
-0.074626 0.060398 -0.000000
-0.074625 0.060399 -0.000000
-0.074624 0.060401 -0.000000
-0.074623 0.060403 -0.000000
-0.074622 0.060404 -0.000000
-0.074621 0.060406 -0.000000
-0.074620 0.060408 -0.000000
-0.074619 0.060410 -0.000000
-0.074619 0.060411 -0.000000
-0.074618 0.060413 -0.000000
-0.074617 0.060415 -0.000000
-0.074616 0.060416 -0.000000
-0.074615 0.060418 -0.000000
-0.074614 0.060420 -0.000000
-0.074613 0.060421 -0.000000
-0.074613 0.060423 -0.000000
-0.074612 0.060425 -0.000000
-0.074611 0.060427 -0.000000
-0.074610 0.060428 -0.000000
-0.074609 0.060430 -0.000000
-0.074608 0.060432 -0.000000
-0.074608 0.060433 -0.000000
-0.074607 0.060435 -0.000000
-0.074606 0.060437 -0.000000
-0.074605 0.060438 -0.000000
-0.074604 0.060440 -0.000000
-0.074603 0.060442 -0.000000
-0.074602 0.060443 -0.000000
-0.074602 0.060445 -0.000000
-0.074601 0.060446 -0.000000
-0.074600 0.060448 -0.000000
-0.074599 0.060450 -0.000000
-0.074598 0.060451 -0.000000
-0.074598 0.060453 -0.000000
-0.074597 0.060455 -0.000000
-0.074596 0.060456 -0.000000
-0.074595 0.060458 -0.000000
-0.074594 0.060459 -0.000000
-0.074593 0.060461 -0.000000
-0.074593 0.060463 -0.000000
-0.074592 0.060464 -0.000000
-0.074591 0.060466 -0.000000
-0.074590 0.060468 -0.000000
-0.074589 0.060469 -0.000000
-0.074589 0.060471 -0.000000
-0.074588 0.060472 -0.000000
-0.074587 0.060474 -0.000000
-0.074586 0.060476 -0.000000
-0.074585 0.060477 -0.000000
-0.074584 0.060479 -0.000000
-0.074584 0.060480 -0.000000
-0.074583 0.060482 -0.000000
-0.074582 0.060483 -0.000000
-0.074581 0.060485 -0.000000
-0.074580 0.060487 -0.000000
-0.074580 0.060488 -0.000000
-0.074579 0.060490 -0.000000
-0.074578 0.060491 -0.000000
-0.074577 0.060493 -0.000000
-0.074577 0.060494 -0.000000
-0.074576 0.060496 -0.000000
-0.074575 0.060497 -0.000000
-0.074574 0.060499 -0.000000
-0.074573 0.060500 -0.000000
0.106685 0.169170 -0.000000
0.107207 0.168839 -0.000000
0.107628 0.168571 -0.000000
0.107902 0.168396 -0.000000
0.108171 0.168223 -0.000000
0.108432 0.168055 -0.000000
0.108683 0.167893 -0.000000
0.108922 0.167738 -0.000000
0.109151 0.167589 -0.000000
0.109370 0.167446 -0.000000
0.109579 0.167309 -0.000000
0.109779 0.167178 -0.000000
0.109970 0.167053 -0.000000
0.110152 0.166932 -0.000000
0.110327 0.166817 -0.000000
0.110494 0.166707 -0.000000
0.110653 0.166601 -0.000000
0.110805 0.166500 -0.000000
0.110950 0.166404 -0.000000
0.111088 0.166311 -0.000000
0.111220 0.166223 -0.000000
0.111345 0.166139 -0.000000
0.111464 0.166059 -0.000000
0.111578 0.165983 -0.000000
0.111685 0.165911 -0.000000
0.111787 0.165842 -0.000000
0.111884 0.165777 -0.000000
0.111975 0.165716 -0.000000
0.112061 0.165658 -0.000000
0.112141 0.165603 -0.000000
0.111978 0.165714 -0.000000
0.111159 0.166264 -0.000000
0.109765 0.167187 -0.000000
0.107836 0.168438 -0.000000
0.105417 0.169962 -0.000000
0.102568 0.171697 -0.000000
0.099430 0.173533 -0.000000
0.096317 0.175280 -0.000000
0.093279 0.176915 -0.000000
0.090324 0.178442 -0.000000
0.087463 0.179862 -0.000000
0.084700 0.181179 -0.000000
0.082042 0.182398 -0.000000
0.079491 0.183524 -0.000000
0.077048 0.184563 -0.000000
0.074712 0.185521 -0.000000
0.072483 0.186403 -0.000000
0.070357 0.187216 -0.000000
0.068333 0.187964 -0.000000
0.066408 0.188653 -0.000000
0.064577 0.189288 -0.000000
0.062838 0.189872 -0.000000
0.061188 0.190410 -0.000000
0.059622 0.190906 -0.000000
0.058138 0.191364 -0.000000
0.056731 0.191785 -0.000000
0.055399 0.192174 -0.000000
0.054139 0.192533 -0.000000
0.052947 0.192864 -0.000000
0.051821 0.193170 -0.000000
0.050758 0.193452 -0.000000
0.049755 0.193712 -0.000000
0.048810 0.193953 -0.000000
0.047921 0.194174 -0.000000
0.047086 0.194378 -0.000000
0.046302 0.194567 -0.000000
0.045568 0.194740 -0.000000
0.044882 0.194899 -0.000000
0.044242 0.195045 -0.000000
0.043648 0.195179 -0.000000
0.043097 0.195301 -0.000000
0.042589 0.195413 -0.000000
0.042123 0.195514 -0.000000
0.041697 0.195605 -0.000000
0.041310 0.195687 -0.000000
0.040962 0.195760 -0.000000
0.040652 0.195825 -0.000000
0.040380 0.195881 -0.000000
0.040144 0.195930 -0.000000
0.039945 0.195970 -0.000000
0.039783 0.196003 -0.000000
0.039656 0.196029 -0.000000
0.039561 0.196048 -0.000000
0.039474 0.196066 -0.000000
0.039384 0.196084 -0.000000
0.039292 0.196102 -0.000000
0.039197 0.196121 -0.000000
0.039099 0.196141 -0.000000
0.038998 0.196161 -0.000000
0.038893 0.196182 -0.000000
0.038785 0.196203 -0.000000
0.038673 0.196225 -0.000000
0.038558 0.196248 -0.000000
0.038439 0.196271 -0.000000
0.038317 0.196295 -0.000000
0.038190 0.196320 -0.000000
0.038059 0.196345 -0.000000
0.037924 0.196372 -0.000000
0.037784 0.196398 -0.000000
0.037640 0.196426 -0.000000
0.037490 0.196455 -0.000000
0.037336 0.196484 -0.000000
0.037176 0.196515 -0.000000
0.037010 0.196546 -0.000000
0.036838 0.196578 -0.000000
0.036660 0.196611 -0.000000
0.036475 0.196646 -0.000000
0.036283 0.196681 -0.000000
0.036082 0.196718 -0.000000
0.035874 0.196756 -0.000000
0.035656 0.196796 -0.000000
0.035429 0.196837 -0.000000
0.035192 0.196880 -0.000000
0.034942 0.196924 -0.000000
0.034681 0.196970 -0.000000
0.034405 0.197018 -0.000000
0.034114 0.197069 -0.000000
0.033806 0.197122 -0.000000
0.033479 0.197178 -0.000000
0.033131 0.197237 -0.000000
0.032757 0.197299 -0.000000
0.032355 0.197366 -0.000000
0.031919 0.197436 -0.000000
0.031444 0.197513 -0.000000
0.030814 0.196907 -0.000000
0.027091 0.176487 -0.000000
0.023453 0.156050 -0.000000
0.019915 0.135591 -0.000000
0.016489 0.115106 -0.000000
0.013198 0.094682 -0.000000
0.010194 0.075482 -0.000000
0.007621 0.058656 -0.000000
0.005510 0.044542 -0.000000
0.003832 0.033050 -0.000000
0.002531 0.023886 -0.000000
0.001542 0.016696 -0.000000
0.000804 0.011121 -0.000000
0.000262 0.006842 -0.000000
-0.000130 0.003582 -0.000000
-0.000410 0.001114 -0.000000
-0.000607 -0.000743 0.000000
-0.000743 -0.002135 0.000000
-0.000836 -0.003175 0.000000
-0.000897 -0.003949 0.000000
-0.000938 -0.004524 0.000000
-0.000963 -0.004949 0.000000
-0.000978 -0.005264 0.000000
-0.000987 -0.005496 0.000000
-0.000991 -0.005668 0.000000
-0.000993 -0.005793 0.000000
-0.000993 -0.005886 0.000000
-0.000992 -0.005954 0.000000
-0.000991 -0.006004 0.000000
-0.000990 -0.006040 0.000000
-0.000988 -0.006067 0.000000
-0.000987 -0.006086 0.000000
-0.000986 -0.006100 0.000000
-0.000985 -0.006111 0.000000
-0.000984 -0.006118 0.000000
-0.000984 -0.006124 0.000000
-0.000983 -0.006128 0.000000
-0.000983 -0.006131 0.000000
-0.000983 -0.006133 0.000000
-0.000983 -0.006134 0.000000
-0.000982 -0.006136 0.000000
-0.000982 -0.006136 0.000000
-0.000982 -0.006137 0.000000
-0.000982 -0.006137 0.000000
-0.000982 -0.006138 0.000000
-0.000982 -0.006138 0.000000
-0.000982 -0.006138 0.000000
-0.000982 -0.006138 0.000000
-0.000983 -0.006138 0.000000
-0.000983 -0.006138 0.000000
-0.000983 -0.006138 0.000000
-0.000983 -0.006138 0.000000
-0.000983 -0.006138 0.000000
-0.000983 -0.006138 0.000000
-0.000983 -0.006138 0.000000
-0.000983 -0.006138 0.000000
-0.000983 -0.006138 0.000000
-0.000984 -0.006138 0.000000
-0.000984 -0.006138 0.000000
-0.000984 -0.006138 0.000000
-0.000984 -0.006138 0.000000
-0.000984 -0.006138 0.000000
-0.000984 -0.006138 0.000000
-0.000984 -0.006138 0.000000
-0.000984 -0.006138 0.000000
-0.000985 -0.006138 0.000000
-0.000985 -0.006138 0.000000
-0.000985 -0.006138 0.000000
-0.000985 -0.006138 0.000000
-0.000985 -0.006138 0.000000
-0.000985 -0.006138 0.000000
-0.000985 -0.006138 0.000000
-0.000985 -0.006138 0.000000
-0.000986 -0.006138 0.000000
-0.000986 -0.006138 0.000000
-0.000986 -0.006138 0.000000
-0.000986 -0.006138 0.000000
-0.000986 -0.006138 0.000000
-0.000986 -0.006138 0.000000
-0.000986 -0.006138 0.000000
-0.000986 -0.006138 0.000000
-0.000987 -0.006138 0.000000
-0.000987 -0.006138 0.000000
-0.000987 -0.006138 0.000000
-0.000987 -0.006138 0.000000
-0.000987 -0.006137 0.000000
-0.000987 -0.006137 0.000000
-0.000987 -0.006137 0.000000
-0.000987 -0.006137 0.000000
-0.000988 -0.006137 0.000000
-0.000988 -0.006137 0.000000
-0.000988 -0.006137 0.000000
-0.000988 -0.006137 0.000000
-0.000988 -0.006137 0.000000
-0.000988 -0.006137 0.000000
-0.000988 -0.006137 0.000000
-0.000988 -0.006137 0.000000
-0.000989 -0.006137 0.000000
-0.000989 -0.006137 0.000000
-0.000989 -0.006137 0.000000
-0.000989 -0.006137 0.000000
-0.000989 -0.006137 0.000000
-0.000989 -0.006137 0.000000
-0.000989 -0.006137 0.000000
-0.000989 -0.006137 0.000000
-0.000990 -0.006137 0.000000
-0.000990 -0.006137 0.000000
-0.000990 -0.006137 0.000000
-0.000990 -0.006137 0.000000
-0.000990 -0.006137 0.000000
-0.000990 -0.006137 0.000000
-0.000990 -0.006137 0.000000
-0.000991 -0.006137 0.000000
-0.000991 -0.006137 0.000000
-0.000991 -0.006137 0.000000
-0.000991 -0.006137 0.000000
0.010322 -0.199733 -0.000000
0.009508 -0.199774 -0.000000
0.009081 -0.199794 -0.000000
0.009003 -0.199797 -0.000000
0.008963 -0.199799 -0.000000
0.008929 -0.199801 -0.000000
0.008895 -0.199802 -0.000000
0.008860 -0.199804 -0.000000
0.008825 -0.199805 -0.000000
0.008790 -0.199807 -0.000000
0.008755 -0.199808 -0.000000
0.008719 -0.199810 -0.000000
0.008682 -0.199811 -0.000000
0.008646 -0.199813 -0.000000
0.008609 -0.199815 -0.000000
0.008571 -0.199816 -0.000000
0.008533 -0.199818 -0.000000
0.008495 -0.199820 -0.000000
0.008456 -0.199821 -0.000000
0.008417 -0.199823 -0.000000
0.008377 -0.199824 -0.000000
0.008337 -0.199826 -0.000000
0.008297 -0.199828 -0.000000
0.008256 -0.199830 -0.000000
0.008215 -0.199831 -0.000000
0.008173 -0.199833 -0.000000
0.008131 -0.199835 -0.000000
0.008089 -0.199836 -0.000000
0.008046 -0.199838 -0.000000
0.008003 -0.199840 -0.000000
0.007959 -0.199842 -0.000000
0.007915 -0.199843 -0.000000
0.007871 -0.199845 -0.000000
0.007826 -0.199847 -0.000000
0.007781 -0.199849 -0.000000
0.007735 -0.199850 -0.000000
0.007689 -0.199852 -0.000000
0.007643 -0.199854 -0.000000
0.007596 -0.199856 -0.000000
0.007548 -0.199857 -0.000000
0.007501 -0.199859 -0.000000
0.007453 -0.199861 -0.000000
0.007404 -0.199863 -0.000000
0.007356 -0.199865 -0.000000
0.007306 -0.199866 -0.000000
0.007257 -0.199868 -0.000000
0.007207 -0.199870 -0.000000
0.007156 -0.199872 -0.000000
0.007105 -0.199874 -0.000000
0.007054 -0.199876 -0.000000
0.007002 -0.199877 -0.000000
0.006950 -0.199879 -0.000000
0.006897 -0.199881 -0.000000
0.006844 -0.199883 -0.000000
0.006791 -0.199885 -0.000000
0.006737 -0.199887 -0.000000
0.006682 -0.199888 -0.000000
0.006627 -0.199890 -0.000000
0.006572 -0.199892 -0.000000
0.006516 -0.199894 -0.000000
0.006459 -0.199896 -0.000000
0.006402 -0.199898 -0.000000
0.006344 -0.199899 -0.000000
0.006286 -0.199901 -0.000000
0.006227 -0.199903 -0.000000
0.006168 -0.199905 -0.000000
0.006108 -0.199907 -0.000000
0.006047 -0.199909 -0.000000
0.005986 -0.199910 -0.000000
0.005924 -0.199912 -0.000000
0.005861 -0.199914 -0.000000
0.005797 -0.199916 -0.000000
0.005733 -0.199918 -0.000000
0.005667 -0.199920 -0.000000
0.005601 -0.199922 -0.000000
0.005534 -0.199923 -0.000000
0.005466 -0.199925 -0.000000
0.005397 -0.199927 -0.000000
0.005327 -0.199929 -0.000000
0.005256 -0.199931 -0.000000
0.005183 -0.199933 -0.000000
0.005109 -0.199935 -0.000000
0.005034 -0.199937 -0.000000
0.004958 -0.199939 -0.000000
0.004880 -0.199940 -0.000000
0.004800 -0.199942 -0.000000
0.004718 -0.199944 -0.000000
0.004635 -0.199946 -0.000000
0.004549 -0.199948 -0.000000
0.004461 -0.199950 -0.000000
0.004371 -0.199952 -0.000000
0.004278 -0.199954 -0.000000
0.004183 -0.199956 -0.000000
0.004084 -0.199958 -0.000000
0.003982 -0.199960 -0.000000
0.003876 -0.199962 -0.000000
0.003766 -0.199965 -0.000000
0.003652 -0.199967 -0.000000
0.003532 -0.199969 -0.000000
0.003406 -0.199971 -0.000000
0.003274 -0.199973 -0.000000
0.003135 -0.199975 -0.000000
0.002987 -0.199978 -0.000000
0.002829 -0.199980 -0.000000
0.002660 -0.199982 -0.000000
0.002476 -0.199985 -0.000000
0.002113 -0.185728 -0.000000
0.001699 -0.165968 -0.000000
0.001299 -0.146208 -0.000000
0.000914 -0.126448 -0.000000
0.000544 -0.106683 -0.000000
0.000197 -0.087373 -0.000000
-0.000101 -0.069899 0.000000
-0.000335 -0.054944 0.000000
-0.000504 -0.042596 0.000000
-0.000612 -0.032652 0.000000
-0.000670 -0.024790 0.000000
-0.000689 -0.018661 0.000000
-0.000680 -0.013934 0.000000
-0.000651 -0.010321 0.000000
-0.000611 -0.007579 0.000000
-0.000566 -0.005511 0.000000
-0.000519 -0.003958 0.000000
-0.000474 -0.002798 0.000000
-0.000432 -0.001934 0.000000
-0.000394 -0.001293 0.000000
-0.000361 -0.000818 0.000000
-0.000332 -0.000468 0.000000
-0.000308 -0.000210 0.000000
-0.000287 -0.000020 0.000000
-0.000270 0.000119 -0.000000
-0.000257 0.000220 -0.000000
-0.000245 0.000295 -0.000000
-0.000236 0.000349 -0.000000
-0.000229 0.000388 -0.000000
-0.000223 0.000417 -0.000000
-0.000219 0.000437 -0.000000
-0.000215 0.000452 -0.000000
-0.000212 0.000462 -0.000000
-0.000210 0.000470 -0.000000
-0.000208 0.000475 -0.000000
-0.000207 0.000479 -0.000000
-0.000206 0.000481 -0.000000
-0.000205 0.000482 -0.000000
-0.000204 0.000483 -0.000000
-0.000204 0.000484 -0.000000
-0.000203 0.000484 -0.000000
-0.000203 0.000484 -0.000000
-0.000203 0.000483 -0.000000
-0.000203 0.000483 -0.000000
-0.000203 0.000482 -0.000000
-0.000202 0.000482 -0.000000
-0.000202 0.000481 -0.000000
-0.000202 0.000480 -0.000000
-0.000202 0.000480 -0.000000
-0.000202 0.000479 -0.000000
-0.000202 0.000478 -0.000000
-0.000202 0.000477 -0.000000
-0.000202 0.000477 -0.000000
-0.000202 0.000476 -0.000000
-0.000202 0.000475 -0.000000
-0.000202 0.000474 -0.000000
-0.000202 0.000474 -0.000000
-0.000202 0.000473 -0.000000
-0.000202 0.000472 -0.000000
-0.000202 0.000471 -0.000000
-0.000202 0.000470 -0.000000
-0.000202 0.000470 -0.000000
-0.000202 0.000469 -0.000000
-0.000202 0.000468 -0.000000
-0.000202 0.000467 -0.000000
-0.000202 0.000466 -0.000000
-0.000202 0.000466 -0.000000
-0.000202 0.000465 -0.000000
-0.000202 0.000464 -0.000000
-0.000202 0.000463 -0.000000
-0.000202 0.000462 -0.000000
-0.000202 0.000461 -0.000000
-0.000202 0.000461 -0.000000
-0.000201 0.000460 -0.000000
-0.000201 0.000459 -0.000000
-0.000201 0.000458 -0.000000
-0.000201 0.000457 -0.000000
-0.000201 0.000456 -0.000000
-0.000201 0.000456 -0.000000
-0.000201 0.000455 -0.000000
-0.000201 0.000454 -0.000000
-0.000201 0.000453 -0.000000
-0.000201 0.000452 -0.000000
-0.000201 0.000451 -0.000000
-0.000201 0.000451 -0.000000
-0.000201 0.000450 -0.000000
-0.000201 0.000449 -0.000000
-0.000201 0.000448 -0.000000
-0.000201 0.000447 -0.000000
-0.000201 0.000446 -0.000000
-0.000201 0.000445 -0.000000
-0.000201 0.000445 -0.000000
-0.000201 0.000444 -0.000000
-0.000201 0.000443 -0.000000
-0.000201 0.000442 -0.000000
-0.000201 0.000441 -0.000000
-0.000201 0.000440 -0.000000
-0.000200 0.000439 -0.000000
-0.000200 0.000438 -0.000000
-0.000200 0.000438 -0.000000
-0.000200 0.000437 -0.000000
-0.000200 0.000436 -0.000000
-0.000200 0.000435 -0.000000
-0.000200 0.000434 -0.000000
-0.000200 0.000433 -0.000000
-0.000200 0.000432 -0.000000
-0.000200 0.000431 -0.000000
-0.000200 0.000430 -0.000000
-0.000200 0.000430 -0.000000
-0.000200 0.000429 -0.000000
-0.000200 0.000428 -0.000000
-0.000200 0.000427 -0.000000
-0.000200 0.000426 -0.000000
-0.000200 0.000425 -0.000000
-0.000200 0.000424 -0.000000
-0.000200 0.000423 -0.000000
-0.000199 0.000422 -0.000000
-0.000199 0.000421 -0.000000
-0.000199 0.000421 -0.000000
-0.000199 0.000420 -0.000000
-0.000199 0.000419 -0.000000
-0.000199 0.000418 -0.000000
-0.000199 0.000417 -0.000000
-0.000199 0.000416 -0.000000
-0.000199 0.000415 -0.000000
-0.000199 0.000414 -0.000000
-0.000199 0.000413 -0.000000
-0.000199 0.000412 -0.000000
-0.000199 0.000411 -0.000000
-0.000199 0.000410 -0.000000
-0.000199 0.000409 -0.000000
-0.000199 0.000409 -0.000000
-0.000198 0.000408 -0.000000
-0.000198 0.000407 -0.000000
-0.180582 -0.085966 0.000000
-0.180394 -0.086359 0.000000
-0.180233 -0.086694 0.000000
-0.180188 -0.086788 0.000000
-0.180130 -0.086908 0.000000
-0.180067 -0.087040 0.000000
-0.180000 -0.087178 0.000000
-0.179930 -0.087321 0.000000
-0.179858 -0.087470 0.000000
-0.179681 -0.087834 0.000000
-0.179274 -0.088662 0.000000
-0.178690 -0.089833 0.000000
-0.177946 -0.091298 0.000000
-0.177047 -0.093028 0.000000
-0.176028 -0.094942 0.000000
-0.174939 -0.096935 0.000000
-0.173775 -0.099007 0.000000
-0.172531 -0.101158 0.000000
-0.171205 -0.103387 0.000000
-0.169793 -0.105691 0.000000
-0.168291 -0.108065 0.000000
-0.166699 -0.110505 0.000000
-0.165014 -0.113006 0.000000
-0.163234 -0.115562 0.000000
-0.161359 -0.118166 0.000000
-0.159387 -0.120813 0.000000
-0.157320 -0.123493 0.000000
-0.155195 -0.126153 0.000000
-0.153024 -0.128778 0.000000
-0.150808 -0.131366 0.000000
-0.148545 -0.133919 0.000000
-0.146237 -0.136436 0.000000
-0.143881 -0.138918 0.000000
-0.141478 -0.141365 0.000000
-0.139026 -0.143777 0.000000
-0.136526 -0.146153 0.000000
-0.133975 -0.148495 0.000000
-0.131374 -0.150801 0.000000
-0.128721 -0.153071 0.000000
-0.126016 -0.155306 0.000000
-0.123256 -0.157505 0.000000
-0.120441 -0.159668 0.000000
-0.117570 -0.161794 0.000000
-0.114641 -0.163882 0.000000
-0.111653 -0.165932 0.000000
-0.108605 -0.167943 0.000000
-0.105494 -0.169915 0.000000
-0.102319 -0.171845 0.000000
-0.099079 -0.173734 0.000000
-0.095771 -0.175579 0.000000
-0.092393 -0.177380 0.000000
-0.088944 -0.179134 0.000000
-0.085420 -0.180841 0.000000
-0.081820 -0.182498 0.000000
-0.078140 -0.184103 0.000000
-0.074379 -0.185655 0.000000
-0.070531 -0.187151 0.000000
-0.066595 -0.188587 0.000000
-0.062566 -0.189962 0.000000
-0.058439 -0.191272 0.000000
-0.054211 -0.192513 0.000000
-0.049874 -0.193682 0.000000
-0.045424 -0.194773 0.000000
-0.040852 -0.195783 0.000000
-0.036150 -0.196706 0.000000
-0.031308 -0.197534 0.000000
-0.026313 -0.198261 0.000000
-0.021152 -0.198878 0.000000
-0.015805 -0.199375 0.000000
-0.010251 -0.199737 0.000000
-0.004463 -0.199950 0.000000
0.001596 -0.199994 -0.000000
0.007971 -0.199841 -0.000000
0.014722 -0.199457 -0.000000
0.021927 -0.198794 -0.000000
0.029165 -0.194269 -0.000000
0.034097 -0.175382 -0.000000
0.038256 -0.156243 -0.000000
0.041623 -0.136894 -0.000000
0.044184 -0.117378 -0.000000
0.045901 -0.098091 -0.000000
0.046778 -0.080189 -0.000000
0.046981 -0.064322 -0.000000
0.046723 -0.050666 -0.000000
0.046195 -0.039143 -0.000000
0.045538 -0.029551 -0.000000
0.044846 -0.021642 -0.000000
0.044180 -0.015166 -0.000000
0.043569 -0.009889 -0.000000
0.043029 -0.005604 -0.000000
0.042562 -0.002133 -0.000000
0.042165 0.000672 -0.000000
0.041832 0.002936 -0.000000
0.041556 0.004762 -0.000000
0.041328 0.006233 -0.000000
0.041141 0.007417 -0.000000
0.040988 0.008371 -0.000000
0.040864 0.009138 -0.000000
0.040763 0.009755 -0.000000
0.040681 0.010251 -0.000000
0.040615 0.010650 -0.000000
0.040561 0.010971 -0.000000
0.040518 0.011229 -0.000000
0.040484 0.011436 -0.000000
0.040456 0.011602 -0.000000
0.040433 0.011736 -0.000000
0.040415 0.011843 -0.000000
0.040401 0.011929 -0.000000
0.040389 0.011999 -0.000000
0.040380 0.012054 -0.000000
0.040372 0.012099 -0.000000
0.040366 0.012134 -0.000000
0.040361 0.012163 -0.000000
0.040357 0.012186 -0.000000
0.040354 0.012204 -0.000000
0.040352 0.012218 -0.000000
0.040350 0.012230 -0.000000
0.040349 0.012239 -0.000000
0.040347 0.012246 -0.000000
0.040347 0.012252 -0.000000
0.040346 0.012257 -0.000000
0.040345 0.012260 -0.000000
0.040345 0.012263 -0.000000
0.040345 0.012265 -0.000000
0.040344 0.012266 -0.000000
0.040344 0.012267 -0.000000
0.040344 0.012268 -0.000000
0.040344 0.012268 -0.000000
0.040344 0.012269 -0.000000
0.040344 0.012269 -0.000000
0.040344 0.012269 -0.000000
0.040344 0.012269 -0.000000
0.040345 0.012268 -0.000000
0.040345 0.012268 -0.000000
0.040345 0.012267 -0.000000
0.040345 0.012267 -0.000000
0.040345 0.012267 -0.000000
0.040345 0.012266 -0.000000
0.040345 0.012265 -0.000000
0.040346 0.012265 -0.000000
0.040346 0.012264 -0.000000
0.040346 0.012264 -0.000000
0.040346 0.012263 -0.000000
0.040346 0.012262 -0.000000
0.040346 0.012262 -0.000000
0.040347 0.012261 -0.000000
0.040347 0.012261 -0.000000
0.040347 0.012260 -0.000000
0.040347 0.012259 -0.000000
0.040347 0.012259 -0.000000
0.040347 0.012258 -0.000000
0.040348 0.012257 -0.000000
0.040348 0.012257 -0.000000
0.040348 0.012256 -0.000000
0.040348 0.012255 -0.000000
0.040348 0.012255 -0.000000
0.040348 0.012254 -0.000000
0.040349 0.012253 -0.000000
0.040349 0.012253 -0.000000
0.040349 0.012252 -0.000000
0.040349 0.012251 -0.000000
0.040349 0.012251 -0.000000
0.040349 0.012250 -0.000000
0.040350 0.012249 -0.000000
0.040350 0.012249 -0.000000
0.040350 0.012248 -0.000000
0.040350 0.012247 -0.000000
0.040350 0.012247 -0.000000
0.040350 0.012246 -0.000000
0.040351 0.012245 -0.000000
0.040351 0.012245 -0.000000
0.040351 0.012244 -0.000000
0.040351 0.012243 -0.000000
0.040351 0.012243 -0.000000
0.040352 0.012242 -0.000000
0.040352 0.012241 -0.000000
0.040352 0.012241 -0.000000
0.040352 0.012240 -0.000000
0.040352 0.012239 -0.000000
0.040352 0.012239 -0.000000
0.040353 0.012238 -0.000000
0.040353 0.012237 -0.000000
0.040353 0.012237 -0.000000
0.040353 0.012236 -0.000000
0.040353 0.012235 -0.000000
0.040353 0.012235 -0.000000
0.040354 0.012234 -0.000000
0.040354 0.012233 -0.000000
0.040354 0.012233 -0.000000
0.040354 0.012232 -0.000000
0.040354 0.012231 -0.000000
0.040354 0.012231 -0.000000
0.040355 0.012230 -0.000000
0.040355 0.012229 -0.000000
0.040355 0.012229 -0.000000
0.040355 0.012228 -0.000000
0.040355 0.012227 -0.000000
0.040356 0.012226 -0.000000
0.040356 0.012226 -0.000000
0.040356 0.012225 -0.000000
0.040356 0.012224 -0.000000
0.040356 0.012224 -0.000000
0.040356 0.012223 -0.000000
0.040357 0.012222 -0.000000
0.040357 0.012222 -0.000000
0.040357 0.012221 -0.000000
0.040357 0.012220 -0.000000
0.040357 0.012220 -0.000000
0.040357 0.012219 -0.000000
0.040358 0.012218 -0.000000
0.040358 0.012217 -0.000000
0.040358 0.012217 -0.000000
0.040358 0.012216 -0.000000
0.040358 0.012215 -0.000000
0.040358 0.012215 -0.000000
0.040359 0.012214 -0.000000
0.040359 0.012213 -0.000000
0.040359 0.012213 -0.000000
0.040359 0.012212 -0.000000
0.040359 0.012211 -0.000000
0.040360 0.012211 -0.000000
0.040360 0.012210 -0.000000
0.040360 0.012209 -0.000000
0.040360 0.012208 -0.000000
0.040360 0.012208 -0.000000
0.040360 0.012207 -0.000000
0.040361 0.012206 -0.000000
0.040361 0.012206 -0.000000
0.040361 0.012205 -0.000000
0.040361 0.012204 -0.000000
0.040361 0.012204 -0.000000
0.040361 0.012203 -0.000000
0.040362 0.012202 -0.000000
0.040362 0.012201 -0.000000
0.040362 0.012201 -0.000000
0.040362 0.012200 -0.000000
0.040362 0.012199 -0.000000
0.040363 0.012199 -0.000000
0.040363 0.012198 -0.000000
0.040363 0.012197 -0.000000
0.197301 0.032746 -0.000000
0.197348 0.032464 -0.000000
0.197414 0.032061 -0.000000
0.197493 0.031569 -0.000000
0.197583 0.030999 -0.000000
0.197684 0.030348 -0.000000
0.197796 0.029612 -0.000000
0.197918 0.028785 -0.000000
0.198051 0.027856 -0.000000
0.198194 0.026820 -0.000000
0.198346 0.025667 -0.000000
0.198507 0.024393 -0.000000
0.198674 0.022993 -0.000000
0.198845 0.021468 -0.000000
0.199015 0.019822 -0.000000
0.199181 0.018083 -0.000000
0.199327 0.016399 -0.000000
0.199451 0.014805 -0.000000
0.199557 0.013302 -0.000000
0.199646 0.011890 -0.000000
0.199721 0.010568 -0.000000
0.199782 0.009335 -0.000000
0.199832 0.008191 -0.000000
0.199873 0.007134 -0.000000
0.199905 0.006163 -0.000000
0.199930 0.005274 -0.000000
0.199950 0.004466 -0.000000
0.199965 0.003734 -0.000000
0.199976 0.003077 -0.000000
0.199985 0.002489 -0.000000
0.199990 0.001967 -0.000000
0.199994 0.001508 -0.000000
0.199997 0.001106 -0.000000
0.199999 0.000758 -0.000000
0.199999 0.000460 -0.000000
0.200000 0.000207 -0.000000
0.200000 -0.000006 -0.000000
0.200000 -0.000182 -0.000000
0.200000 -0.000326 -0.000000
0.200000 -0.000442 -0.000000
0.199999 -0.000536 -0.000000
0.199999 -0.000610 -0.000000
0.199999 -0.000670 -0.000000
0.199999 -0.000720 -0.000000
0.199999 -0.000765 -0.000000
0.199998 -0.000808 -0.000000
0.199998 -0.000851 -0.000000
0.199998 -0.000894 -0.000000
0.199998 -0.000937 -0.000000
0.199998 -0.000980 -0.000000
0.199997 -0.001023 -0.000000
0.199997 -0.001066 -0.000000
0.199997 -0.001110 -0.000000
0.199997 -0.001153 -0.000000
0.199996 -0.001196 -0.000000
0.199996 -0.001239 -0.000000
0.199996 -0.001283 -0.000000
0.199996 -0.001326 -0.000000
0.199995 -0.001370 -0.000000
0.199995 -0.001414 -0.000000
0.199995 -0.001458 -0.000000
0.199994 -0.001502 -0.000000
0.199994 -0.001546 -0.000000
0.199994 -0.001591 -0.000000
0.199993 -0.001635 -0.000000
0.199993 -0.001680 -0.000000
0.199993 -0.001725 -0.000000
0.199992 -0.001771 -0.000000
0.199992 -0.001816 -0.000000
0.199991 -0.001862 -0.000000
0.199991 -0.001908 -0.000000
0.199990 -0.001955 -0.000000
0.199990 -0.002002 -0.000000
0.199990 -0.002049 -0.000000
0.199989 -0.002097 -0.000000
0.199988 -0.002145 -0.000000
0.199988 -0.002193 -0.000000
0.199987 -0.002242 -0.000000
0.199987 -0.002292 -0.000000
0.199986 -0.002342 -0.000000
0.199986 -0.002393 -0.000000
0.199985 -0.002444 -0.000000
0.199984 -0.002496 -0.000000
0.199984 -0.002549 -0.000000
0.199983 -0.002602 -0.000000
0.199982 -0.002656 -0.000000
0.199982 -0.002711 -0.000000
0.199981 -0.002767 -0.000000
0.199980 -0.002824 -0.000000
0.199979 -0.002882 -0.000000
0.199978 -0.002940 -0.000000
0.199977 -0.003000 -0.000000
0.199977 -0.003061 -0.000000
0.199976 -0.003124 -0.000000
0.199975 -0.003187 -0.000000
0.199974 -0.003252 -0.000000
0.199972 -0.003319 -0.000000
0.199971 -0.003387 -0.000000
0.199970 -0.003457 -0.000000
0.199969 -0.003528 -0.000000
0.199968 -0.003602 -0.000000
0.199966 -0.003678 -0.000000
0.199965 -0.003756 -0.000000
0.199963 -0.003836 -0.000000
0.199961 -0.003957 -0.000000
0.199950 -0.004462 -0.000000
0.199927 -0.005405 -0.000000
0.199886 -0.006759 -0.000000
0.199820 -0.008488 -0.000000
0.199724 -0.010504 -0.000000
0.199607 -0.012525 -0.000000
0.199475 -0.014476 -0.000000
0.199330 -0.016360 -0.000000
0.199172 -0.018180 -0.000000
0.199004 -0.019939 -0.000000
0.198826 -0.021639 -0.000000
0.198640 -0.023285 -0.000000
0.198447 -0.024879 -0.000000
0.198247 -0.026425 -0.000000
0.198041 -0.027926 -0.000000
0.197829 -0.029388 -0.000000
0.197612 -0.030814 -0.000000
0.197389 -0.032210 -0.000000
0.197160 -0.033583 -0.000000
0.196924 -0.034940 -0.000000
0.196680 -0.036291 -0.000000
0.184893 -0.035436 -0.000000
0.167911 -0.033399 -0.000000
0.150934 -0.031146 -0.000000
0.133966 -0.028680 -0.000000
0.117010 -0.026003 -0.000000
0.100069 -0.023111 -0.000000
0.083199 -0.020008 -0.000000
0.067282 -0.016900 -0.000000
0.053301 -0.014037 -0.000000
0.041565 -0.011521 -0.000000
0.032008 -0.009372 -0.000000
0.024396 -0.007569 -0.000000
0.018431 -0.006074 -0.000000
0.013817 -0.004844 -0.000000
0.010284 -0.003839 -0.000000
0.007602 -0.003022 -0.000000
0.005581 -0.002360 -0.000000
0.004066 -0.001827 -0.000000
0.002936 -0.001399 -0.000000
0.002098 -0.001056 -0.000000
0.001479 -0.000783 -0.000000
0.001023 -0.000565 -0.000000
0.000688 -0.000393 -0.000000
0.000443 -0.000258 -0.000000
0.000264 -0.000151 -0.000000
0.000135 -0.000068 -0.000000
0.000040 -0.000003 -0.000000
-0.000028 0.000048 -0.000000
-0.000077 0.000088 -0.000000
-0.000113 0.000118 -0.000000
-0.000138 0.000141 -0.000000
-0.000156 0.000159 -0.000000
-0.000169 0.000173 -0.000000
-0.000178 0.000183 -0.000000
-0.000185 0.000191 -0.000000
-0.000190 0.000197 -0.000000
-0.000193 0.000201 -0.000000
-0.000195 0.000204 -0.000000
-0.000197 0.000207 -0.000000
-0.000198 0.000208 -0.000000
-0.000199 0.000209 -0.000000
-0.000199 0.000210 -0.000000
-0.000200 0.000210 -0.000000
-0.000200 0.000211 -0.000000
-0.000200 0.000211 -0.000000
-0.000201 0.000211 -0.000000
-0.000201 0.000210 -0.000000
-0.000201 0.000210 -0.000000
-0.000201 0.000210 -0.000000
-0.000201 0.000209 -0.000000
-0.000201 0.000209 -0.000000
-0.000201 0.000209 -0.000000
-0.000201 0.000208 -0.000000
-0.000201 0.000208 -0.000000
-0.000201 0.000207 -0.000000
-0.000201 0.000207 -0.000000
-0.000201 0.000206 -0.000000
-0.000201 0.000206 -0.000000
-0.000201 0.000205 -0.000000
-0.000201 0.000205 -0.000000
-0.000202 0.000205 -0.000000
-0.000202 0.000204 -0.000000
-0.000202 0.000204 -0.000000
-0.000202 0.000203 -0.000000
-0.000202 0.000203 -0.000000
-0.000202 0.000202 -0.000000
-0.000202 0.000202 -0.000000
-0.000202 0.000201 -0.000000
-0.000202 0.000201 -0.000000
-0.000202 0.000200 -0.000000
-0.000202 0.000200 -0.000000
-0.000202 0.000199 -0.000000
-0.000202 0.000199 -0.000000
-0.000202 0.000198 -0.000000
-0.000202 0.000198 -0.000000
-0.000202 0.000197 -0.000000
-0.000202 0.000197 -0.000000
-0.000202 0.000196 -0.000000
-0.000202 0.000196 -0.000000
-0.000202 0.000195 -0.000000
-0.000202 0.000195 -0.000000
-0.000202 0.000194 -0.000000
-0.000202 0.000194 -0.000000
-0.000203 0.000194 -0.000000
-0.000203 0.000193 -0.000000
-0.000203 0.000193 -0.000000
-0.000203 0.000192 -0.000000
-0.000203 0.000192 -0.000000
-0.000203 0.000191 -0.000000
-0.000203 0.000191 -0.000000
-0.000203 0.000190 -0.000000
-0.000203 0.000190 -0.000000
-0.000203 0.000189 -0.000000
-0.000203 0.000189 -0.000000
-0.000203 0.000188 -0.000000
-0.000203 0.000188 -0.000000
-0.000203 0.000187 -0.000000
-0.000203 0.000187 -0.000000
-0.000203 0.000186 -0.000000
-0.000203 0.000186 -0.000000
-0.000203 0.000185 -0.000000
-0.000203 0.000185 -0.000000
-0.000203 0.000184 -0.000000
-0.000203 0.000184 -0.000000
-0.000203 0.000184 -0.000000
-0.000203 0.000183 -0.000000
-0.000203 0.000183 -0.000000
-0.000203 0.000182 -0.000000
-0.000203 0.000182 -0.000000
-0.000203 0.000181 -0.000000
-0.000203 0.000181 -0.000000
-0.000203 0.000180 -0.000000
-0.000203 0.000180 -0.000000
-0.000203 0.000179 -0.000000
0.169222 -0.106601 -0.000000
0.169203 -0.106632 -0.000000
0.169228 -0.106593 -0.000000
0.169289 -0.106495 -0.000000
0.169360 -0.106383 -0.000000
0.169430 -0.106271 -0.000000
0.169498 -0.106163 -0.000000
0.169563 -0.106058 -0.000000
0.169626 -0.105957 -0.000000
0.169687 -0.105860 -0.000000
0.169745 -0.105767 -0.000000
0.169801 -0.105677 -0.000000
0.169855 -0.105590 -0.000000
0.169906 -0.105508 -0.000000
0.169955 -0.105429 -0.000000
0.170002 -0.105353 -0.000000
0.170047 -0.105280 -0.000000
0.170090 -0.105211 -0.000000
0.170130 -0.105146 -0.000000
0.170169 -0.105083 -0.000000
0.170205 -0.105024 -0.000000
0.170240 -0.104969 -0.000000
0.170272 -0.104916 -0.000000
0.170302 -0.104867 -0.000000
0.170331 -0.104821 -0.000000
0.170357 -0.104778 -0.000000
0.170381 -0.104739 -0.000000
0.170404 -0.104702 -0.000000
0.170424 -0.104669 -0.000000
0.170443 -0.104639 -0.000000
0.170459 -0.104612 -0.000000
0.170474 -0.104589 -0.000000
0.170486 -0.104568 -0.000000
0.170497 -0.104551 -0.000000
0.170505 -0.104537 -0.000000
0.170512 -0.104526 -0.000000
0.170517 -0.104518 -0.000000
0.170519 -0.104514 -0.000000
0.170520 -0.104513 -0.000000
0.170519 -0.104515 -0.000000
0.170516 -0.104520 -0.000000
0.170510 -0.104529 -0.000000
0.170503 -0.104541 -0.000000
0.170493 -0.104556 -0.000000
0.170482 -0.104575 -0.000000
0.170468 -0.104597 -0.000000
0.170453 -0.104623 -0.000000
0.170435 -0.104652 -0.000000
0.170415 -0.104684 -0.000000
0.170392 -0.104721 -0.000000
0.170368 -0.104761 -0.000000
0.170341 -0.104804 -0.000000
0.170312 -0.104851 -0.000000
0.170280 -0.104903 -0.000000
0.170247 -0.104958 -0.000000
0.170210 -0.105016 -0.000000
0.170171 -0.105079 -0.000000
0.170130 -0.105146 -0.000000
0.170086 -0.105218 -0.000000
0.170039 -0.105293 -0.000000
0.169990 -0.105373 -0.000000
0.169938 -0.105457 -0.000000
0.169883 -0.105546 -0.000000
0.169825 -0.105639 -0.000000
0.169763 -0.105737 -0.000000
0.169699 -0.105840 -0.000000
0.169632 -0.105949 -0.000000
0.169561 -0.106062 -0.000000
0.169487 -0.106180 -0.000000
0.169409 -0.106305 -0.000000
0.169327 -0.106434 -0.000000
0.169242 -0.106570 -0.000000
0.169153 -0.106712 -0.000000
0.169059 -0.106860 -0.000000
0.168961 -0.107014 -0.000000
0.168859 -0.107176 -0.000000
0.168752 -0.107344 -0.000000
0.168640 -0.107519 -0.000000
0.168523 -0.107703 -0.000000
0.168401 -0.107894 -0.000000
0.168273 -0.108093 -0.000000
0.168139 -0.108301 -0.000000
0.167999 -0.108518 -0.000000
0.167852 -0.108745 -0.000000
0.167699 -0.108982 -0.000000
0.167538 -0.109230 -0.000000
0.167368 -0.109489 -0.000000
0.167191 -0.109760 -0.000000
0.167005 -0.110043 -0.000000
0.166808 -0.110340 -0.000000
0.166602 -0.110651 -0.000000
0.166385 -0.110978 -0.000000
0.166155 -0.111322 -0.000000
0.165912 -0.111683 -0.000000
0.165655 -0.112064 -0.000000
0.165383 -0.112465 -0.000000
0.165094 -0.112890 -0.000000
0.164785 -0.113339 -0.000000
0.164456 -0.113817 -0.000000
0.164103 -0.114324 -0.000000
0.163725 -0.114866 -0.000000
0.163316 -0.115446 -0.000000
0.162874 -0.116070 -0.000000
0.162392 -0.116742 -0.000000
0.161866 -0.117471 -0.000000
0.161286 -0.118267 -0.000000
0.154544 -0.114616 -0.000000
0.139666 -0.104835 -0.000000
0.124881 -0.094870 -0.000000
0.110207 -0.084688 -0.000000
0.095665 -0.074260 -0.000000
0.081277 -0.063551 -0.000000
0.067187 -0.052641 -0.000000
0.054239 -0.042353 -0.000000
0.043041 -0.033346 -0.000000
0.033718 -0.025819 -0.000000
0.026155 -0.019725 -0.000000
0.020131 -0.014906 -0.000000
0.015399 -0.011162 -0.000000
0.011721 -0.008295 -0.000000
0.008885 -0.006125 -0.000000
0.006713 -0.004500 -0.000000
0.005058 -0.003293 -0.000000
0.003803 -0.002404 -0.000000
0.002855 -0.001753 -0.000000
0.002140 -0.001280 -0.000000
0.001603 -0.000939 -0.000000
0.001200 -0.000694 -0.000000
0.000898 -0.000519 -0.000000
0.000673 -0.000395 -0.000000
0.000504 -0.000307 -0.000000
0.000379 -0.000246 -0.000000
0.000286 -0.000204 -0.000000
0.000216 -0.000174 -0.000000
0.000165 -0.000155 -0.000000
0.000126 -0.000141 -0.000000
0.000098 -0.000133 -0.000000
0.000077 -0.000127 -0.000000
0.000061 -0.000124 -0.000000
0.000049 -0.000122 -0.000000
0.000041 -0.000121 -0.000000
0.000034 -0.000120 -0.000000
0.000030 -0.000120 -0.000000
0.000026 -0.000121 -0.000000
0.000023 -0.000121 -0.000000
0.000021 -0.000122 -0.000000
0.000020 -0.000123 -0.000000
0.000019 -0.000124 -0.000000
0.000018 -0.000124 -0.000000
0.000017 -0.000125 -0.000000
0.000017 -0.000126 -0.000000
0.000016 -0.000127 -0.000000
0.000016 -0.000128 -0.000000
0.000016 -0.000128 -0.000000
0.000015 -0.000129 -0.000000
0.000015 -0.000130 -0.000000
0.000015 -0.000131 -0.000000
0.000015 -0.000132 -0.000000
0.000014 -0.000132 -0.000000
0.000014 -0.000133 -0.000000
0.000014 -0.000134 -0.000000
0.000014 -0.000135 -0.000000
0.000014 -0.000135 -0.000000
0.000013 -0.000136 -0.000000
0.000013 -0.000137 -0.000000
0.000013 -0.000137 -0.000000
0.000013 -0.000138 -0.000000
0.000013 -0.000139 -0.000000
0.000013 -0.000140 -0.000000
0.000012 -0.000140 -0.000000
0.000012 -0.000141 -0.000000
0.000012 -0.000142 -0.000000
0.000012 -0.000143 -0.000000
0.000012 -0.000143 -0.000000
0.000012 -0.000144 -0.000000
0.000011 -0.000145 -0.000000
0.000011 -0.000146 -0.000000
0.000011 -0.000146 -0.000000
0.000011 -0.000147 -0.000000
0.000011 -0.000148 -0.000000
0.000011 -0.000148 -0.000000
0.000010 -0.000149 -0.000000
0.000010 -0.000150 -0.000000
0.000010 -0.000151 -0.000000
0.000010 -0.000151 -0.000000
0.000010 -0.000152 -0.000000
0.000010 -0.000153 -0.000000
0.000010 -0.000153 -0.000000
0.000009 -0.000154 -0.000000
0.000009 -0.000155 -0.000000
0.000009 -0.000156 -0.000000
0.000009 -0.000156 -0.000000
0.000009 -0.000157 -0.000000
0.000009 -0.000158 -0.000000
0.000008 -0.000158 -0.000000
0.000008 -0.000159 -0.000000
0.000008 -0.000160 -0.000000
0.000008 -0.000160 -0.000000
0.000008 -0.000161 -0.000000
0.000008 -0.000162 -0.000000
0.000007 -0.000163 -0.000000
0.000007 -0.000163 -0.000000
0.000007 -0.000164 -0.000000
0.000007 -0.000165 -0.000000
0.000007 -0.000165 -0.000000
0.000007 -0.000166 -0.000000
0.000006 -0.000167 -0.000000
0.000006 -0.000167 -0.000000
0.000006 -0.000168 -0.000000
0.000006 -0.000169 -0.000000
0.000006 -0.000170 -0.000000
0.000006 -0.000170 -0.000000
0.000005 -0.000171 -0.000000
0.000005 -0.000172 -0.000000
0.000005 -0.000172 -0.000000
0.000005 -0.000173 -0.000000
0.000005 -0.000174 -0.000000
0.000005 -0.000174 -0.000000
0.000005 -0.000175 -0.000000
0.000004 -0.000176 -0.000000
0.000004 -0.000176 -0.000000
0.000004 -0.000177 -0.000000
0.000004 -0.000178 -0.000000
0.000004 -0.000178 -0.000000
0.000004 -0.000179 -0.000000
0.000003 -0.000180 -0.000000
0.000003 -0.000180 -0.000000
0.000003 -0.000181 -0.000000
0.000003 -0.000182 -0.000000
0.000003 -0.000182 -0.000000
0.000003 -0.000183 -0.000000
0.000003 -0.000184 -0.000000
0.000002 -0.000184 -0.000000
0.000002 -0.000185 -0.000000
0.000002 -0.000186 -0.000000
0.000002 -0.000186 -0.000000
0.000002 -0.000187 -0.000000
0.000002 -0.000188 -0.000000
0.000001 -0.000188 -0.000000
0.000001 -0.000189 -0.000000
-0.183853 0.078727 -0.000000
-0.183663 0.079171 -0.000000
-0.183485 0.079582 -0.000000
-0.183440 0.079686 -0.000000
-0.183389 0.079802 -0.000000
-0.183335 0.079928 -0.000000
-0.183277 0.080059 -0.000000
-0.183218 0.080195 -0.000000
-0.183157 0.080335 -0.000000
-0.183093 0.080480 -0.000000
-0.183027 0.080630 -0.000000
-0.182959 0.080784 -0.000000
-0.182888 0.080944 -0.000000
-0.182815 0.081109 -0.000000
-0.182739 0.081279 -0.000000
-0.182661 0.081455 -0.000000
-0.182580 0.081636 -0.000000
-0.182496 0.081824 -0.000000
-0.182409 0.082017 -0.000000
-0.182319 0.082217 -0.000000
-0.182226 0.082423 -0.000000
-0.182130 0.082636 -0.000000
-0.182030 0.082856 -0.000000
-0.181926 0.083084 -0.000000
-0.181819 0.083319 -0.000000
-0.181707 0.083561 -0.000000
-0.181591 0.083813 -0.000000
-0.181471 0.084073 -0.000000
-0.181346 0.084342 -0.000000
-0.181217 0.084620 -0.000000
-0.181081 0.084909 -0.000000
-0.180941 0.085208 -0.000000
-0.180794 0.085518 -0.000000
-0.180642 0.085840 -0.000000
-0.180482 0.086175 -0.000000
-0.180316 0.086523 -0.000000
-0.180142 0.086884 -0.000000
-0.179960 0.087261 -0.000000
-0.179769 0.087654 -0.000000
-0.179568 0.088064 -0.000000
-0.179357 0.088493 -0.000000
-0.179135 0.088942 -0.000000
-0.178901 0.089412 -0.000000
-0.178653 0.089906 -0.000000
-0.178391 0.090425 -0.000000
-0.178112 0.090972 -0.000000
-0.177816 0.091551 -0.000000
-0.177499 0.092163 -0.000000
-0.177160 0.092813 -0.000000
-0.176795 0.093507 -0.000000
-0.176401 0.094247 -0.000000
-0.175974 0.095043 -0.000000
-0.175508 0.095901 -0.000000
-0.174996 0.096832 -0.000000
-0.174430 0.097847 -0.000000
-0.161863 0.092162 -0.000000
-0.146066 0.084502 -0.000000
-0.130332 0.076668 -0.000000
-0.114674 0.068635 -0.000000
-0.099106 0.060374 -0.000000
-0.083644 0.051849 -0.000000
-0.068569 0.043207 -0.000000
-0.054898 0.035160 -0.000000
-0.043192 0.028134 -0.000000
-0.033533 0.022235 -0.000000
-0.025768 0.017410 -0.000000
-0.019641 0.013535 -0.000000
-0.014879 0.010464 -0.000000
-0.011218 0.008054 -0.000000
-0.008431 0.006178 -0.000000
-0.006325 0.004725 -0.000000
-0.004743 0.003605 -0.000000
-0.003563 0.002746 -0.000000
-0.002685 0.002089 -0.000000
-0.002036 0.001587 -0.000000
-0.001557 0.001205 -0.000000
-0.001205 0.000915 -0.000000
-0.000947 0.000694 -0.000000
-0.000758 0.000527 -0.000000
-0.000621 0.000400 -0.000000
-0.000521 0.000305 -0.000000
-0.000448 0.000232 -0.000000
-0.000395 0.000178 -0.000000
-0.000357 0.000136 -0.000000
-0.000330 0.000105 -0.000000
-0.000310 0.000082 -0.000000
-0.000296 0.000064 -0.000000
-0.000286 0.000050 -0.000000
-0.000278 0.000040 -0.000000
-0.000273 0.000033 -0.000000
-0.000269 0.000027 -0.000000
-0.000267 0.000022 -0.000000
-0.000265 0.000019 -0.000000
-0.000263 0.000016 -0.000000
-0.000262 0.000014 -0.000000
-0.000261 0.000012 -0.000000
-0.000261 0.000011 -0.000000
-0.000261 0.000010 -0.000000
-0.000260 0.000009 -0.000000
-0.000260 0.000008 -0.000000
-0.000260 0.000007 -0.000000
-0.000260 0.000007 -0.000000
-0.000260 0.000006 -0.000000
-0.000260 0.000005 -0.000000
-0.000259 0.000005 -0.000000
-0.000259 0.000004 -0.000000
-0.000259 0.000004 -0.000000
-0.000259 0.000003 -0.000000
-0.000259 0.000003 -0.000000
-0.000259 0.000003 -0.000000
-0.000259 0.000002 -0.000000
-0.000259 0.000002 -0.000000
-0.000259 0.000001 -0.000000
-0.000259 0.000001 -0.000000
-0.000259 0.000000 -0.000000
-0.000259 0.000000 -0.000000
-0.000259 -0.000000 0.000000
-0.000259 -0.000001 0.000000
-0.000259 -0.000001 0.000000
-0.000259 -0.000002 0.000000
-0.000258 -0.000002 0.000000
-0.000258 -0.000003 0.000000
-0.000258 -0.000003 0.000000
-0.000258 -0.000003 0.000000
-0.000258 -0.000004 0.000000
-0.000258 -0.000004 0.000000
-0.000258 -0.000005 0.000000
-0.000258 -0.000005 0.000000
-0.000258 -0.000005 0.000000
-0.000258 -0.000006 0.000000
-0.000258 -0.000006 0.000000
-0.000258 -0.000007 0.000000
-0.000258 -0.000007 0.000000
-0.000258 -0.000008 0.000000
-0.000258 -0.000008 0.000000
-0.000258 -0.000008 0.000000
-0.000258 -0.000009 0.000000
-0.000258 -0.000009 0.000000
-0.000258 -0.000010 0.000000
-0.000258 -0.000010 0.000000
-0.000258 -0.000011 0.000000
-0.000258 -0.000011 0.000000
-0.000258 -0.000011 0.000000
-0.000258 -0.000012 0.000000
-0.000257 -0.000012 0.000000
-0.000257 -0.000013 0.000000
-0.000257 -0.000013 0.000000
-0.000257 -0.000013 0.000000
-0.000257 -0.000014 0.000000
-0.000257 -0.000014 0.000000
-0.000257 -0.000015 0.000000
-0.000257 -0.000015 0.000000
-0.000257 -0.000016 0.000000
-0.000257 -0.000016 0.000000
-0.000257 -0.000016 0.000000
-0.000257 -0.000017 0.000000
-0.000257 -0.000017 0.000000
-0.000257 -0.000018 0.000000
-0.000257 -0.000018 0.000000
-0.000257 -0.000018 0.000000
-0.000257 -0.000019 0.000000
-0.000257 -0.000019 0.000000
-0.000257 -0.000020 0.000000
-0.000257 -0.000020 0.000000
-0.000257 -0.000021 0.000000
-0.000256 -0.000021 0.000000
-0.000256 -0.000021 0.000000
-0.000256 -0.000022 0.000000
-0.000256 -0.000022 0.000000
-0.000256 -0.000023 0.000000
-0.000256 -0.000023 0.000000
-0.000256 -0.000023 0.000000
-0.000256 -0.000024 0.000000
-0.000256 -0.000024 0.000000
-0.000256 -0.000025 0.000000
-0.000256 -0.000025 0.000000
-0.000256 -0.000025 0.000000
-0.000256 -0.000026 0.000000
-0.000256 -0.000026 0.000000
-0.000256 -0.000027 0.000000
-0.000256 -0.000027 0.000000
-0.000256 -0.000028 0.000000
-0.000255 -0.000028 0.000000
-0.000255 -0.000028 0.000000
-0.000255 -0.000029 0.000000
-0.000255 -0.000029 0.000000
-0.000255 -0.000030 0.000000
-0.000255 -0.000030 0.000000
-0.000255 -0.000030 0.000000
-0.000255 -0.000031 0.000000
-0.000255 -0.000031 0.000000
-0.000255 -0.000032 0.000000
-0.000255 -0.000032 0.000000
-0.000255 -0.000032 0.000000
-0.000255 -0.000033 0.000000
-0.000255 -0.000033 0.000000
-0.000255 -0.000034 0.000000
-0.000254 -0.000034 0.000000
-0.000254 -0.000035 0.000000
-0.000254 -0.000035 0.000000
-0.000254 -0.000035 0.000000
-0.000254 -0.000036 0.000000
-0.000254 -0.000036 0.000000
-0.000254 -0.000037 0.000000
-0.000254 -0.000037 0.000000
-0.000254 -0.000037 0.000000
-0.000254 -0.000038 0.000000
-0.000254 -0.000038 0.000000
-0.000254 -0.000039 0.000000
-0.000254 -0.000039 0.000000
-0.000254 -0.000039 0.000000
-0.000253 -0.000040 0.000000
-0.000253 -0.000040 0.000000
-0.000253 -0.000041 0.000000
-0.000253 -0.000041 0.000000
-0.000253 -0.000041 0.000000
-0.000253 -0.000042 0.000000
-0.000253 -0.000042 0.000000
-0.000253 -0.000043 0.000000
-0.000253 -0.000043 0.000000
-0.000253 -0.000043 0.000000
-0.000253 -0.000044 0.000000
-0.000253 -0.000044 0.000000
-0.000253 -0.000045 0.000000
-0.000252 -0.000045 0.000000
-0.000252 -0.000045 0.000000
-0.000252 -0.000046 0.000000
-0.000252 -0.000046 0.000000
-0.000252 -0.000047 0.000000
-0.000252 -0.000047 0.000000
-0.000252 -0.000047 0.000000
-0.000252 -0.000048 0.000000
-0.000252 -0.000048 0.000000
-0.000252 -0.000049 0.000000
-0.000252 -0.000049 0.000000
-0.000252 -0.000049 0.000000
-0.000252 -0.000050 0.000000
-0.000252 -0.000050 0.000000
-0.000251 -0.000051 0.000000
-0.000251 -0.000051 0.000000
0.180604 -0.085920 -0.000000
0.181010 -0.085062 -0.000000
0.181366 -0.084300 -0.000000
0.181381 -0.084266 -0.000000
0.181359 -0.084315 -0.000000
0.181331 -0.084375 -0.000000
0.181301 -0.084440 -0.000000
0.181268 -0.084509 -0.000000
0.181234 -0.084582 -0.000000
0.181198 -0.084659 -0.000000
0.181160 -0.084741 -0.000000
0.181120 -0.084827 -0.000000
0.181077 -0.084918 -0.000000
0.181032 -0.085013 -0.000000
0.180985 -0.085114 -0.000000
0.180936 -0.085219 -0.000000
0.180884 -0.085329 -0.000000
0.180829 -0.085445 -0.000000
0.180772 -0.085566 -0.000000
0.180712 -0.085693 -0.000000
0.180648 -0.085826 -0.000000
0.180582 -0.085965 -0.000000
0.180513 -0.086111 -0.000000
0.180440 -0.086263 -0.000000
0.180364 -0.086423 -0.000000
0.180284 -0.086589 -0.000000
0.180200 -0.086764 -0.000000
0.180112 -0.086946 -0.000000
0.180020 -0.087137 -0.000000
0.179923 -0.087337 -0.000000
0.179821 -0.087547 -0.000000
0.179714 -0.087766 -0.000000
0.179602 -0.087996 -0.000000
0.179483 -0.088237 -0.000000
0.179359 -0.088490 -0.000000
0.179227 -0.088756 -0.000000
0.179088 -0.089036 -0.000000
0.178942 -0.089330 -0.000000
0.178786 -0.089640 -0.000000
0.178622 -0.089968 -0.000000
0.178447 -0.090314 -0.000000
0.178262 -0.090680 -0.000000
0.178063 -0.091068 -0.000000
0.177852 -0.091481 -0.000000
0.177625 -0.091921 -0.000000
0.177381 -0.092390 -0.000000
0.177118 -0.092894 -0.000000
0.176833 -0.093435 -0.000000
0.176523 -0.094019 -0.000000
0.176184 -0.094652 -0.000000
0.175812 -0.095343 -0.000000
0.175399 -0.096101 -0.000000
0.161793 -0.089644 -0.000000
0.146056 -0.081857 -0.000000
0.130386 -0.073895 -0.000000
0.114797 -0.065731 -0.000000
0.099302 -0.057333 -0.000000
0.083920 -0.048667 -0.000000
0.068964 -0.039913 -0.000000
0.055435 -0.031831 -0.000000
0.043847 -0.024857 -0.000000
0.034262 -0.019097 -0.000000
0.026519 -0.014482 -0.000000
0.020371 -0.010869 -0.000000
0.015553 -0.008092 -0.000000
0.011814 -0.005989 -0.000000
0.008935 -0.004416 -0.000000
0.006732 -0.003253 -0.000000
0.005054 -0.002402 -0.000000
0.003782 -0.001785 -0.000000
0.002820 -0.001342 -0.000000
0.002096 -0.001027 -0.000000
0.001551 -0.000804 -0.000000
0.001143 -0.000649 -0.000000
0.000837 -0.000542 -0.000000
0.000608 -0.000468 -0.000000
0.000438 -0.000419 -0.000000
0.000311 -0.000386 -0.000000
0.000216 -0.000365 -0.000000
0.000146 -0.000351 -0.000000
0.000094 -0.000343 -0.000000
0.000055 -0.000338 -0.000000
0.000027 -0.000336 -0.000000
0.000005 -0.000335 -0.000000
-0.000010 -0.000335 0.000000
-0.000022 -0.000335 0.000000
-0.000030 -0.000336 0.000000
-0.000037 -0.000337 0.000000
-0.000041 -0.000337 0.000000
-0.000045 -0.000338 0.000000
-0.000047 -0.000339 0.000000
-0.000049 -0.000339 0.000000
-0.000051 -0.000340 0.000000
-0.000052 -0.000341 0.000000
-0.000052 -0.000341 0.000000
-0.000053 -0.000342 0.000000
-0.000053 -0.000342 0.000000
-0.000054 -0.000342 0.000000
-0.000054 -0.000343 0.000000
-0.000054 -0.000343 0.000000
-0.000054 -0.000343 0.000000
-0.000054 -0.000344 0.000000
-0.000054 -0.000344 0.000000
-0.000055 -0.000344 0.000000
-0.000055 -0.000344 0.000000
-0.000055 -0.000345 0.000000
-0.000055 -0.000345 0.000000
-0.000055 -0.000345 0.000000
-0.000055 -0.000345 0.000000
-0.000055 -0.000345 0.000000
-0.000055 -0.000346 0.000000
-0.000055 -0.000346 0.000000
-0.000055 -0.000346 0.000000
-0.000055 -0.000346 0.000000
-0.000055 -0.000347 0.000000
-0.000055 -0.000347 0.000000
-0.000055 -0.000347 0.000000
-0.000055 -0.000347 0.000000
-0.000055 -0.000347 0.000000
-0.000055 -0.000348 0.000000
-0.000055 -0.000348 0.000000
-0.000055 -0.000348 0.000000
-0.000055 -0.000348 0.000000
-0.000055 -0.000348 0.000000
-0.000055 -0.000349 0.000000
-0.000056 -0.000349 0.000000
-0.000056 -0.000349 0.000000
-0.000056 -0.000349 0.000000
-0.000056 -0.000349 0.000000
-0.000056 -0.000349 0.000000
-0.000056 -0.000350 0.000000
-0.000056 -0.000350 0.000000
-0.000056 -0.000350 0.000000
-0.000056 -0.000350 0.000000
-0.000056 -0.000350 0.000000
-0.000056 -0.000351 0.000000
-0.000056 -0.000351 0.000000
-0.000056 -0.000351 0.000000
-0.000056 -0.000351 0.000000
-0.000056 -0.000351 0.000000
-0.000056 -0.000351 0.000000
-0.000056 -0.000352 0.000000
-0.000056 -0.000352 0.000000
-0.000056 -0.000352 0.000000
-0.000056 -0.000352 0.000000
-0.000056 -0.000352 0.000000
-0.000056 -0.000352 0.000000
-0.000056 -0.000353 0.000000
-0.000056 -0.000353 0.000000
-0.000056 -0.000353 0.000000
-0.000056 -0.000353 0.000000
-0.000056 -0.000353 0.000000
-0.000056 -0.000353 0.000000
-0.000056 -0.000353 0.000000
-0.000056 -0.000354 0.000000
-0.000056 -0.000354 0.000000
-0.000057 -0.000354 0.000000
-0.000057 -0.000354 0.000000
-0.000057 -0.000354 0.000000
-0.000057 -0.000354 0.000000
-0.000057 -0.000354 0.000000
-0.000057 -0.000355 0.000000
-0.000057 -0.000355 0.000000
-0.000057 -0.000355 0.000000
-0.000057 -0.000355 0.000000
-0.000057 -0.000355 0.000000
-0.000057 -0.000355 0.000000
-0.000057 -0.000355 0.000000
-0.000057 -0.000355 0.000000
-0.000057 -0.000356 0.000000
-0.000057 -0.000356 0.000000
-0.000057 -0.000356 0.000000
-0.000057 -0.000356 0.000000
-0.000057 -0.000356 0.000000
-0.000057 -0.000356 0.000000
-0.000057 -0.000356 0.000000
-0.000057 -0.000356 0.000000
-0.000057 -0.000356 0.000000
-0.000057 -0.000357 0.000000
-0.000057 -0.000357 0.000000
