814048269.184000
814048270.184000
814048271.184000
814048272.184000
814048273.184000
814048274.184000
814048275.184000
814048276.184000
814048277.184000
814048278.184000
814048279.184000
814048280.184000
814048281.184000
814048282.184000
814048283.184000
814048284.184000
814048285.184000
814048286.184000
814048287.184000
814048288.184000
814048289.184000
814048290.184000
814048291.184000
814048292.184000
814048293.184000
814048294.184000
814048295.184000
814048296.184000
814048297.184000
814048298.184000
814048299.184000
814048300.184000
814048301.184000
814048302.184000
814048303.184000
814048304.184000
814048305.184000
814048306.184000
814048307.184000
814048308.184000
814048309.184000
814048310.184000
814048311.184000
814048312.184000
814048313.184000
814048314.184000
814048315.184000
814048316.184000
814048317.184000
814048318.184000
814048319.184000
814048320.184000
814048321.184000
814048322.184000
814048323.184000
814048324.184000
814048325.184000
814048326.184000
814048327.184000
814048328.184000
814048329.184000
814048330.184000
814048331.184000
814048332.184000
814048333.184000
814048334.184000
814048335.184000
814048336.184000
814048337.184000
814048338.184000
814048339.184000
814048340.184000
814048341.184000
814048342.184000
814048343.184000
814048344.184000
814048345.184000
814048346.184000
814048347.184000
814048348.184000
814048349.184000
814048350.184000
814048351.184000
814048352.184000
814048353.184000
814048354.184000
814048355.184000
814048356.184000
814048357.184000
814048358.184000
814048359.184000
814048360.184000
814048361.184000
814048362.184000
814048363.184000
814048364.184000
814048365.184000
814048366.184000
814048367.184000
814048368.184000
814048369.184000
814048370.184000
814048371.184000
814048372.184000
814048373.184000
814048374.184000
814048375.184000
814048376.184000
814048377.184000
814048378.184000
814048379.184000
814048380.184000
814048381.184000
814048382.184000
814048383.184000
814048384.184000
814048385.184000
814048386.184000
814048387.184000
814048388.184000
814048389.184000
814048390.184000
814048391.184000
814048392.184000
814048393.184000
814048394.184000
814048395.184000
814048396.184000
814048397.184000
814048398.184000
814048399.184000
814048400.184000
814048401.184000
814048402.184000
814048403.184000
814048404.184000
814048405.184000
814048406.184000
814048407.184000
814048408.184000
814048409.184000
814048410.184000
814048411.184000
814048412.184000
814048413.184000
814048414.184000
814048415.184000
814048416.184000
814048417.184000
814048418.184000
814048419.184000
814048420.184000
814048421.184000
814048422.184000
814048423.184000
814048424.184000
814048425.184000
814048426.184000
814048427.184000
814048428.184000
814048429.184000
814048430.184000
814048431.184000
814048432.184000
814048433.184000
814048434.184000
814048435.184000
814048436.184000
814048437.184000
814048438.184000
814048439.184000
814048440.184000
814048441.184000
814048442.184000
814048443.184000
814048444.184000
814048445.184000
814048446.184000
814048447.184000
814048448.184000
814048449.184000
814048450.184000
814048451.184000
814048452.184000
814048453.184000
814048454.184000
814048455.184000
814048456.184000
814048457.184000
814048458.184000
814048459.184000
814048460.184000
814048461.184000
814048462.184000
814048463.184000
814048464.184000
814048465.184000
814048466.184000
814048467.184000
814048468.184000
814048469.184000
814048470.184000
814048471.184000
814048472.184000
814048473.184000
814048474.184000
814048475.184000
814048476.184000
814048477.184000
814048478.184000
814048479.184000
814048480.184000
814048481.184000
814048482.184000
814048483.184000
814048484.184000
814048485.184000
814048486.184000
814048487.184000
814048488.184000
814048489.184000
814048490.184000
814048491.184000
814048492.184000
814048493.184000
814048494.184000
814048495.184000
814048496.184000
814048497.184000
814048498.184000
814048499.184000
814048500.184000
814048501.184000
814048502.184000
814048503.184000
814048504.184000
814048505.184000
814048506.184000
814048507.184000
814048508.184000
814048509.184000
814048510.184000
814048511.184000
814048512.184000
814048513.184000
814048514.184000
814048515.184000
814048516.184000
814048517.184000
814048518.184000
814048519.184000
814048520.184000
814048521.184000
814048522.184000
814048523.184000
814048524.184000
814048525.184000
814048526.184000
814048527.184000
814048528.184000
814048529.184000
814048530.184000
814048531.184000
814048532.184000
814048533.184000
814048534.184000
814048535.184000
814048536.184000
814048537.184000
814048538.184000
814048539.184000
814048540.184000
814048541.184000
814048542.184000
814048543.184000
814048544.184000
814048545.184000
814048546.184000
814048547.184000
814048548.184000
814048549.184000
814048550.184000
814048551.184000
814048552.184000
814048553.184000
814048554.184000
814048555.184000
814048556.184000
814048557.184000
814048558.184000
814048559.184000
814048560.184000
814048561.184000
814048562.184000
814048563.184000
814048564.184000
814048565.184000
814048566.184000
814048567.184000
814048568.184000
814048569.184000
814048570.184000
814048571.184000
814048572.184000
814048573.184000
814048574.184000
814048575.184000
814048576.184000
814048577.184000
814048578.184000
814048579.184000
814048580.184000
814048581.184000
814048582.184000
814048583.184000
814048584.184000
814048585.184000
814048586.184000
814048587.184000
814048588.184000
814048589.184000
814048590.184000
814048591.184000
814048592.184000
814048593.184000
814048594.184000
814048595.184000
814048596.184000
814048597.184000
814048598.184000
814048599.184000
814048600.184000
814048601.184000
814048602.184000
814048603.184000
814048604.184000
814048605.184000
814048606.184000
814048607.184000
814048608.184000
814048609.184000
814048610.184000
814048611.184000
814048612.184000
814048613.184000
814048614.184000
814048615.184000
814048616.184000
814048617.184000
814048618.184000
814048619.184000
814048620.184000
814048621.184000
814048622.184000
814048623.184000
814048624.184000
814048625.184000
814048626.184000
814048627.184000
814048628.184000
814048629.184000
814048630.184000
814048631.184000
814048632.184000
814048633.184000
814048634.184000
814048635.184000
814048636.184000
814048637.184000
814048638.184000
814048639.184000
814048640.184000
814048641.184000
814048642.184000
814048643.184000
814048644.184000
814048645.184000
814048646.184000
814048647.184000
814048648.184000
814048649.184000
814048650.184000
814048651.184000
814048652.184000
814048653.184000
814048654.184000
814048655.184000
814048656.184000
814048657.184000
814048658.184000
814048659.184000
814048660.184000
814048661.184000
814048662.184000
814048663.184000
814048664.184000
814048665.184000
814048666.184000
814048667.184000
814048668.184000
814048669.184000
814048670.184000
814048671.184000
814048672.184000
814048673.184000
814048674.184000
814048675.184000
814048676.184000
814048677.184000
814048678.184000
814048679.184000
814048680.184000
814048681.184000
814048682.184000
814048683.184000
814048684.184000
814048685.184000
814048686.184000
814048687.184000
814048688.184000
814048689.184000
814048690.184000
814048691.184000
814048692.184000
814048693.184000
814048694.184000
814048695.184000
814048696.184000
814048697.184000
814048698.184000
814048699.184000
814048700.184000
814048701.184000
814048702.184000
814048703.184000
814048704.184000
814048705.184000
814048706.184000
814048707.184000
814048708.184000
814048709.184000
814048710.184000
814048711.184000
814048712.184000
814048713.184000
814048714.184000
814048715.184000
814048716.184000
814048717.184000
814048718.184000
814048719.184000
814048720.184000
814048721.184000
814048722.184000
814048723.184000
814048724.184000
814048725.184000
814048726.184000
814048727.184000
814048728.184000
814048729.184000
814048730.184000
814048731.184000
814048732.184000
814048733.184000
814048734.184000
814048735.184000
814048736.184000
814048737.184000
814048738.184000
814048739.184000
814048740.184000
814048741.184000
814048742.184000
814048743.184000
814048744.184000
814048745.184000
814048746.184000
814048747.184000
814048748.184000
814048749.184000
814048750.184000
814048751.184000
814048752.184000
814048753.184000
814048754.184000
814048755.184000
814048756.184000
814048757.184000
814048758.184000
814048759.184000
814048760.184000
814048761.184000
814048762.184000
814048763.184000
814048764.184000
814048765.184000
814048766.184000
814048767.184000
814048768.184000
814048769.184000
814048770.184000
814048771.184000
814048772.184000
814048773.184000
814048774.184000
814048775.184000
814048776.184000
814048777.184000
814048778.184000
814048779.184000
814048780.184000
814048781.184000
814048782.184000
814048783.184000
814048784.184000
814048785.184000
814048786.184000
814048787.184000
814048788.184000
814048789.184000
814048790.184000
814048791.184000
814048792.184000
814048793.184000
814048794.184000
814048795.184000
814048796.184000
814048797.184000
814048798.184000
814048799.184000
814048800.184000
814048801.184000
814048802.184000
814048803.184000
814048804.184000
814048805.184000
814048806.184000
814048807.184000
814048808.184000
814048809.184000
814048810.184000
814048811.184000
814048812.184000
814048813.184000
814048814.184000
814048815.184000
814048816.184000
814048817.184000
814048818.184000
814048819.184000
814048820.184000
814048821.184000
814048822.184000
814048823.184000
814048824.184000
814048825.184000
814048826.184000
814048827.184000
814048828.184000
814048829.184000
814048830.184000
814048831.184000
814048832.184000
814048833.184000
814048834.184000
814048835.184000
814048836.184000
814048837.184000
814048838.184000
814048839.184000
814048840.184000
814048841.184000
814048842.184000
814048843.184000
814048844.184000
814048845.184000
814048846.184000
814048847.184000
814048848.184000
814048849.184000
814048850.184000
814048851.184000
814048852.184000
814048853.184000
814048854.184000
814048855.184000
814048856.184000
814048857.184000
814048858.184000
814048859.184000
814048860.184000
814048861.184000
814048862.184000
814048863.184000
814048864.184000
814048865.184000
814048866.184000
814048867.184000
814048868.184000
814048869.184000
814048870.184000
814048871.184000
814048872.184000
814048873.184000
814048874.184000
814048875.184000
814048876.184000
814048877.184000
814048878.184000
814048879.184000
814048880.184000
814048881.184000
814048882.184000
814048883.184000
814048884.184000
814048885.184000
814048886.184000
814048887.184000
814048888.184000
814048889.184000
814048890.184000
814048891.184000
814048892.184000
814048893.184000
814048894.184000
814048895.184000
814048896.184000
814048897.184000
814048898.184000
814048899.184000
814048900.184000
814048901.184000
814048902.184000
814048903.184000
814048904.184000
814048905.184000
814048906.184000
814048907.184000
814048908.184000
814048909.184000
814048910.184000
814048911.184000
814048912.184000
814048913.184000
814048914.184000
814048915.184000
814048916.184000
814048917.184000
814048918.184000
814048919.184000
814048920.184000
814048921.184000
814048922.184000
814048923.184000
814048924.184000
814048925.184000
814048926.184000
814048927.184000
814048928.184000
814048929.184000
814048930.184000
814048931.184000
814048932.184000
814048933.184000
814048934.184000
814048935.184000
814048936.184000
814048937.184000
814048938.184000
814048939.184000
814048940.184000
814048941.184000
814048942.184000
814048943.184000
814048944.184000
814048945.184000
814048946.184000
814048947.184000
814048948.184000
814048949.184000
814048950.184000
814048951.184000
814048952.184000
814048953.184000
814048954.184000
814048955.184000
814048956.184000
814048957.184000
814048958.184000
814048959.184000
814048960.184000
814048961.184000
814048962.184000
814048963.184000
814048964.184000
814048965.184000
814048966.184000
814048967.184000
814048968.184000
814048969.184000
814048970.184000
814048971.184000
814048972.184000
814048973.184000
814048974.184000
814048975.184000
814048976.184000
814048977.184000
814048978.184000
814048979.184000
814048980.184000
814048981.184000
814048982.184000
814048983.184000
814048984.184000
814048985.184000
814048986.184000
814048987.184000
814048988.184000
814048989.184000
814048990.184000
814048991.184000
814048992.184000
814048993.184000
814048994.184000
814048995.184000
814048996.184000
814048997.184000
814048998.184000
814048999.184000
814049000.184000
814049001.184000
814049002.184000
814049003.184000
814049004.184000
814049005.184000
814049006.184000
814049007.184000
814049008.184000
814049009.184000
814049010.184000
814049011.184000
814049012.184000
814049013.184000
814049014.184000
814049015.184000
814049016.184000
814049017.184000
814049018.184000
814049019.184000
814049020.184000
814049021.184000
814049022.184000
814049023.184000
814049024.184000
814049025.184000
814049026.184000
814049027.184000
814049028.184000
814049029.184000
814049030.184000
814049031.184000
814049032.184000
814049033.184000
814049034.184000
814049035.184000
814049036.184000
814049037.184000
814049038.184000
814049039.184000
814049040.184000
814049041.184000
814049042.184000
814049043.184000
814049044.184000
814049045.184000
814049046.184000
814049047.184000
814049048.184000
814049049.184000
814049050.184000
814049051.184000
814049052.184000
814049053.184000
814049054.184000
814049055.184000
814049056.184000
814049057.184000
814049058.184000
814049059.184000
814049060.184000
814049061.184000
814049062.184000
814049063.184000
814049064.184000
814049065.184000
814049066.184000
814049067.184000
814049068.184000
814049069.184000
814049070.184000
814049071.184000
814049072.184000
814049073.184000
814049074.184000
814049075.184000
814049076.184000
814049077.184000
814049078.184000
814049079.184000
814049080.184000
814049081.184000
814049082.184000
814049083.184000
814049084.184000
814049085.184000
814049086.184000
814049087.184000
814049088.184000
814049089.184000
814049090.184000
814049091.184000
814049092.184000
814049093.184000
814049094.184000
814049095.184000
814049096.184000
814049097.184000
814049098.184000
814049099.184000
814049100.184000
814049101.184000
814049102.184000
814049103.184000
814049104.184000
814049105.184000
814049106.184000
814049107.184000
814049108.184000
814049109.184000
814049110.184000
814049111.184000
814049112.184000
814049113.184000
814049114.184000
814049115.184000
814049116.184000
814049117.184000
814049118.184000
814049119.184000
814049120.184000
814049121.184000
814049122.184000
814049123.184000
814049124.184000
814049125.184000
814049126.184000
814049127.184000
814049128.184000
814049129.184000
814049130.184000
814049131.184000
814049132.184000
814049133.184000
814049134.184000
814049135.184000
814049136.184000
814049137.184000
814049138.184000
814049139.184000
814049140.184000
814049141.184000
814049142.184000
814049143.184000
814049144.184000
814049145.184000
814049146.184000
814049147.184000
814049148.184000
814049149.184000
814049150.184000
814049151.184000
814049152.184000
814049153.184000
814049154.184000
814049155.184000
814049156.184000
814049157.184000
814049158.184000
814049159.184000
814049160.184000
814049161.184000
814049162.184000
814049163.184000
814049164.184000
814049165.184000
814049166.184000
814049167.184000
814049168.184000
814049169.184000
814049170.184000
814049171.184000
814049172.184000
814049173.184000
814049174.184000
814049175.184000
814049176.184000
814049177.184000
814049178.184000
814049179.184000
814049180.184000
814049181.184000
814049182.184000
814049183.184000
814049184.184000
814049185.184000
814049186.184000
814049187.184000
814049188.184000
814049189.184000
814049190.184000
814049191.184000
814049192.184000
814049193.184000
814049194.184000
814049195.184000
814049196.184000
814049197.184000
814049198.184000
814049199.184000
814049200.184000
814049201.184000
814049202.184000
814049203.184000
814049204.184000
814049205.184000
814049206.184000
814049207.184000
814049208.184000
814049209.184000
814049210.184000
814049211.184000
814049212.184000
814049213.184000
814049214.184000
814049215.184000
814049216.184000
814049217.184000
814049218.184000
814049219.184000
814049220.184000
814049221.184000
814049222.184000
814049223.184000
814049224.184000
814049225.184000
814049226.184000
814049227.184000
814049228.184000
814049229.184000
814049230.184000
814049231.184000
814049232.184000
814049233.184000
814049234.184000
814049235.184000
814049236.184000
814049237.184000
814049238.184000
814049239.184000
814049240.184000
814049241.184000
814049242.184000
814049243.184000
814049244.184000
814049245.184000
814049246.184000
814049247.184000
814049248.184000
814049249.184000
814049250.184000
814049251.184000
814049252.184000
814049253.184000
814049254.184000
814049255.184000
814049256.184000
814049257.184000
814049258.184000
814049259.184000
814049260.184000
814049261.184000
814049262.184000
814049263.184000
814049264.184000
814049265.184000
814049266.184000
814049267.184000
814049268.184000
814049269.184000
814049270.184000
814049271.184000
814049272.184000
814049273.184000
814049274.184000
814049275.184000
814049276.184000
814049277.184000
814049278.184000
814049279.184000
814049280.184000
814049281.184000
814049282.184000
814049283.184000
814049284.184000
814049285.184000
814049286.184000
814049287.184000
814049288.184000
814049289.184000
814049290.184000
814049291.184000
814049292.184000
814049293.184000
814049294.184000
814049295.184000
814049296.184000
814049297.184000
814049298.184000
814049299.184000
814049300.184000
814049301.184000
814049302.184000
814049303.184000
814049304.184000
814049305.184000
814049306.184000
814049307.184000
814049308.184000
814049309.184000
814049310.184000
814049311.184000
814049312.184000
814049313.184000
814049314.184000
814049315.184000
814049316.184000
814049317.184000
814049318.184000
814049319.184000
814049320.184000
814049321.184000
814049322.184000
814049323.184000
814049324.184000
814049325.184000
814049326.184000
814049327.184000
814049328.184000
814049329.184000
814049330.184000
814049331.184000
814049332.184000
814049333.184000
814049334.184000
814049335.184000
814049336.184000
814049337.184000
814049338.184000
814049339.184000
814049340.184000
814049341.184000
814049342.184000
814049343.184000
814049344.184000
814049345.184000
814049346.184000
814049347.184000
814049348.184000
814049349.184000
814049350.184000
814049351.184000
814049352.184000
814049353.184000
814049354.184000
814049355.184000
814049356.184000
814049357.184000
814049358.184000
814049359.184000
814049360.184000
814049361.184000
814049362.184000
814049363.184000
814049364.184000
814049365.184000
814049366.184000
814049367.184000
814049368.184000
814049369.184000
814049370.184000
814049371.184000
814049372.184000
814049373.184000
814049374.184000
814049375.184000
814049376.184000
814049377.184000
814049378.184000
814049379.184000
814049380.184000
814049381.184000
814049382.184000
814049383.184000
814049384.184000
814049385.184000
814049386.184000
814049387.184000
814049388.184000
814049389.184000
814049390.184000
814049391.184000
814049392.184000
814049393.184000
814049394.184000
814049395.184000
814049396.184000
814049397.184000
814049398.184000
814049399.184000
814049400.184000
814049401.184000
814049402.184000
814049403.184000
814049404.184000
814049405.184000
814049406.184000
814049407.184000
814049408.184000
814049409.184000
814049410.184000
814049411.184000
814049412.184000
814049413.184000
814049414.184000
814049415.184000
814049416.184000
814049417.184000
814049418.184000
814049419.184000
814049420.184000
814049421.184000
814049422.184000
814049423.184000
814049424.184000
814049425.184000
814049426.184000
814049427.184000
814049428.184000
814049429.184000
814049430.184000
814049431.184000
814049432.184000
814049433.184000
814049434.184000
814049435.184000
814049436.184000
814049437.184000
814049438.184000
814049439.184000
814049440.184000
814049441.184000
814049442.184000
814049443.184000
814049444.184000
814049445.184000
814049446.184000
814049447.184000
814049448.184000
814049449.184000
814049450.184000
814049451.184000
814049452.184000
814049453.184000
814049454.184000
814049455.184000
814049456.184000
814049457.184000
814049458.184000
814049459.184000
814049460.184000
814049461.184000
814049462.184000
814049463.184000
814049464.184000
814049465.184000
814049466.184000
814049467.184000
814049468.184000
814049469.184000
814049470.184000
814049471.184000
814049472.184000
814049473.184000
814049474.184000
814049475.184000
814049476.184000
814049477.184000
814049478.184000
814049479.184000
814049480.184000
814049481.184000
814049482.184000
814049483.184000
814049484.184000
814049485.184000
814049486.184000
814049487.184000
814049488.184000
814049489.184000
814049490.184000
814049491.184000
814049492.184000
814049493.184000
814049494.184000
814049495.184000
814049496.184000
814049497.184000
814049498.184000
814049499.184000
814049500.184000
814049501.184000
814049502.184000
814049503.184000
814049504.184000
814049505.184000
814049506.184000
814049507.184000
814049508.184000
814049509.184000
814049510.184000
814049511.184000
814049512.184000
814049513.184000
814049514.184000
814049515.184000
814049516.184000
814049517.184000
814049518.184000
814049519.184000
814049520.184000
814049521.184000
814049522.184000
814049523.184000
814049524.184000
814049525.184000
814049526.184000
814049527.184000
814049528.184000
814049529.184000
814049530.184000
814049531.184000
814049532.184000
814049533.184000
814049534.184000
814049535.184000
814049536.184000
814049537.184000
814049538.184000
814049539.184000
814049540.184000
814049541.184000
814049542.184000
814049543.184000
814049544.184000
814049545.184000
814049546.184000
814049547.184000
814049548.184000
814049549.184000
814049550.184000
814049551.184000
814049552.184000
814049553.184000
814049554.184000
814049555.184000
814049556.184000
814049557.184000
814049558.184000
814049559.184000
814049560.184000
814049561.184000
814049562.184000
814049563.184000
814049564.184000
814049565.184000
814049566.184000
814049567.184000
814049568.184000
814049569.184000
814049570.184000
814049571.184000
814049572.184000
814049573.184000
814049574.184000
814049575.184000
814049576.184000
814049577.184000
814049578.184000
814049579.184000
814049580.184000
814049581.184000
814049582.184000
814049583.184000
814049584.184000
814049585.184000
814049586.184000
814049587.184000
814049588.184000
814049589.184000
814049590.184000
814049591.184000
814049592.184000
814049593.184000
814049594.184000
814049595.184000
814049596.184000
814049597.184000
814049598.184000
814049599.184000
814049600.184000
814049601.184000
814049602.184000
814049603.184000
814049604.184000
814049605.184000
814049606.184000
814049607.184000
814049608.184000
814049609.184000
814049610.184000
814049611.184000
814049612.184000
814049613.184000
814049614.184000
814049615.184000
814049616.184000
814049617.184000
814049618.184000
814049619.184000
814049620.184000
814049621.184000
814049622.184000
814049623.184000
814049624.184000
814049625.184000
814049626.184000
814049627.184000
814049628.184000
814049629.184000
814049630.184000
814049631.184000
814049632.184000
814049633.184000
814049634.184000
814049635.184000
814049636.184000
814049637.184000
814049638.184000
814049639.184000
814049640.184000
814049641.184000
814049642.184000
814049643.184000
814049644.184000
814049645.184000
814049646.184000
814049647.184000
814049648.184000
814049649.184000
814049650.184000
814049651.184000
814049652.184000
814049653.184000
814049654.184000
814049655.184000
814049656.184000
814049657.184000
814049658.184000
814049659.184000
814049660.184000
814049661.184000
814049662.184000
814049663.184000
814049664.184000
814049665.184000
814049666.184000
814049667.184000
814049668.184000
814049669.184000
814049670.184000
814049671.184000
814049672.184000
814049673.184000
814049674.184000
814049675.184000
814049676.184000
814049677.184000
814049678.184000
814049679.184000
814049680.184000
814049681.184000
814049682.184000
814049683.184000
814049684.184000
814049685.184000
814049686.184000
814049687.184000
814049688.184000
814049689.184000
814049690.184000
814049691.184000
814049692.184000
814049693.184000
814049694.184000
814049695.184000
814049696.184000
814049697.184000
814049698.184000
814049699.184000
814049700.184000
814049701.184000
814049702.184000
814049703.184000
814049704.184000
814049705.184000
814049706.184000
814049707.184000
814049708.184000
814049709.184000
814049710.184000
814049711.184000
814049712.184000
814049713.184000
814049714.184000
814049715.184000
814049716.184000
814049717.184000
814049718.184000
814049719.184000
814049720.184000
814049721.184000
814049722.184000
814049723.184000
814049724.184000
814049725.184000
814049726.184000
814049727.184000
814049728.184000
814049729.184000
814049730.184000
814049731.184000
814049732.184000
814049733.184000
814049734.184000
814049735.184000
814049736.184000
814049737.184000
814049738.184000
814049739.184000
814049740.184000
814049741.184000
814049742.184000
814049743.184000
814049744.184000
814049745.184000
814049746.184000
814049747.184000
814049748.184000
814049749.184000
814049750.184000
814049751.184000
814049752.184000
814049753.184000
814049754.184000
814049755.184000
814049756.184000
814049757.184000
814049758.184000
814049759.184000
814049760.184000
814049761.184000
814049762.184000
814049763.184000
814049764.184000
814049765.184000
814049766.184000
814049767.184000
814049768.184000
814049769.184000
814049770.184000
814049771.184000
814049772.184000
814049773.184000
814049774.184000
814049775.184000
814049776.184000
814049777.184000
814049778.184000
814049779.184000
814049780.184000
814049781.184000
814049782.184000
814049783.184000
814049784.184000
814049785.184000
814049786.184000
814049787.184000
814049788.184000
814049789.184000
814049790.184000
814049791.184000
814049792.184000
814049793.184000
814049794.184000
814049795.184000
814049796.184000
814049797.184000
814049798.184000
814049799.184000
814049800.184000
814049801.184000
814049802.184000
814049803.184000
814049804.184000
814049805.184000
814049806.184000
814049807.184000
814049808.184000
814049809.184000
814049810.184000
814049811.184000
814049812.184000
814049813.184000
814049814.184000
814049815.184000
814049816.184000
814049817.184000
814049818.184000
814049819.184000
814049820.184000
814049821.184000
814049822.184000
814049823.184000
814049824.184000
814049825.184000
814049826.184000
814049827.184000
814049828.184000
814049829.184000
814049830.184000
814049831.184000
814049832.184000
814049833.184000
814049834.184000
814049835.184000
814049836.184000
814049837.184000
814049838.184000
814049839.184000
814049840.184000
814049841.184000
814049842.184000
814049843.184000
814049844.184000
814049845.184000
814049846.184000
814049847.184000
814049848.184000
814049849.184000
814049850.184000
814049851.184000
814049852.184000
814049853.184000
814049854.184000
814049855.184000
814049856.184000
814049857.184000
814049858.184000
814049859.184000
814049860.184000
814049861.184000
814049862.184000
814049863.184000
814049864.184000
814049865.184000
814049866.184000
814049867.184000
814049868.184000
814049869.184000
814049870.184000
814049871.184000
814049872.184000
814049873.184000
814049874.184000
814049875.184000
814049876.184000
814049877.184000
814049878.184000
814049879.184000
814049880.184000
814049881.184000
814049882.184000
814049883.184000
814049884.184000
814049885.184000
814049886.184000
814049887.184000
814049888.184000
814049889.184000
814049890.184000
814049891.184000
814049892.184000
814049893.184000
814049894.184000
814049895.184000
814049896.184000
814049897.184000
814049898.184000
814049899.184000
814049900.184000
814049901.184000
814049902.184000
814049903.184000
814049904.184000
814049905.184000
814049906.184000
814049907.184000
814049908.184000
814049909.184000
814049910.184000
814049911.184000
814049912.184000
814049913.184000
814049914.184000
814049915.184000
814049916.184000
814049917.184000
814049918.184000
814049919.184000
814049920.184000
814049921.184000
814049922.184000
814049923.184000
814049924.184000
814049925.184000
814049926.184000
814049927.184000
814049928.184000
814049929.184000
814049930.184000
814049931.184000
814049932.184000
814049933.184000
814049934.184000
814049935.184000
814049936.184000
814049937.184000
814049938.184000
814049939.184000
814049940.184000
814049941.184000
814049942.184000
814049943.184000
814049944.184000
814049945.184000
814049946.184000
814049947.184000
814049948.184000
814049949.184000
814049950.184000
814049951.184000
814049952.184000
814049953.184000
814049954.184000
814049955.184000
814049956.184000
814049957.184000
814049958.184000
814049959.184000
814049960.184000
814049961.184000
814049962.184000
814049963.184000
814049964.184000
814049965.184000
814049966.184000
814049967.184000
814049968.184000
814049969.184000
814049970.184000
814049971.184000
814049972.184000
814049973.184000
814049974.184000
814049975.184000
814049976.184000
814049977.184000
814049978.184000
814049979.184000
814049980.184000
814049981.184000
814049982.184000
814049983.184000
814049984.184000
814049985.184000
814049986.184000
814049987.184000
814049988.184000
814049989.184000
814049990.184000
814049991.184000
814049992.184000
814049993.184000
814049994.184000
814049995.184000
814049996.184000
814049997.184000
814049998.184000
814049999.184000
814050000.184000
814050001.184000
814050002.184000
814050003.184000
814050004.184000
814050005.184000
814050006.184000
814050007.184000
814050008.184000
814050009.184000
814050010.184000
814050011.184000
814050012.184000
814050013.184000
814050014.184000
814050015.184000
814050016.184000
814050017.184000
814050018.184000
814050019.184000
814050020.184000
814050021.184000
814050022.184000
814050023.184000
814050024.184000
814050025.184000
814050026.184000
814050027.184000
814050028.184000
814050029.184000
814050030.184000
814050031.184000
814050032.184000
814050033.184000
814050034.184000
814050035.184000
814050036.184000
814050037.184000
814050038.184000
814050039.184000
814050040.184000
814050041.184000
814050042.184000
814050043.184000
814050044.184000
814050045.184000
814050046.184000
814050047.184000
814050048.184000
814050049.184000
814050050.184000
814050051.184000
814050052.184000
814050053.184000
814050054.184000
814050055.184000
814050056.184000
814050057.184000
814050058.184000
814050059.184000
814050060.184000
814050061.184000
814050062.184000
814050063.184000
814050064.184000
814050065.184000
814050066.184000
814050067.184000
814050068.184000
814050069.184000
814050070.184000
814050071.184000
814050072.184000
814050073.184000
814050074.184000
814050075.184000
814050076.184000
814050077.184000
814050078.184000
814050079.184000
814050080.184000
814050081.184000
814050082.184000
814050083.184000
814050084.184000
814050085.184000
814050086.184000
814050087.184000
814050088.184000
814050089.184000
814050090.184000
814050091.184000
814050092.184000
814050093.184000
814050094.184000
814050095.184000
814050096.184000
814050097.184000
814050098.184000
814050099.184000
814050100.184000
814050101.184000
814050102.184000
814050103.184000
814050104.184000
814050105.184000
814050106.184000
814050107.184000
814050108.184000
814050109.184000
814050110.184000
814050111.184000
814050112.184000
814050113.184000
814050114.184000
814050115.184000
814050116.184000
814050117.184000
814050118.184000
814050119.184000
814050120.184000
814050121.184000
814050122.184000
814050123.184000
814050124.184000
814050125.184000
814050126.184000
814050127.184000
814050128.184000
814050129.184000
814050130.184000
814050131.184000
814050132.184000
814050133.184000
814050134.184000
814050135.184000
814050136.184000
814050137.184000
814050138.184000
814050139.184000
814050140.184000
814050141.184000
814050142.184000
814050143.184000
814050144.184000
814050145.184000
814050146.184000
814050147.184000
814050148.184000
814050149.184000
814050150.184000
814050151.184000
814050152.184000
814050153.184000
814050154.184000
814050155.184000
814050156.184000
814050157.184000
814050158.184000
814050159.184000
814050160.184000
814050161.184000
814050162.184000
814050163.184000
814050164.184000
814050165.184000
814050166.184000
814050167.184000
814050168.184000
814050169.184000
814050170.184000
814050171.184000
814050172.184000
814050173.184000
814050174.184000
814050175.184000
814050176.184000
814050177.184000
814050178.184000
814050179.184000
814050180.184000
814050181.184000
814050182.184000
814050183.184000
814050184.184000
814050185.184000
814050186.184000
814050187.184000
814050188.184000
814050189.184000
814050190.184000
814050191.184000
814050192.184000
814050193.184000
814050194.184000
814050195.184000
814050196.184000
814050197.184000
814050198.184000
814050199.184000
814050200.184000
814050201.184000
814050202.184000
814050203.184000
814050204.184000
814050205.184000
814050206.184000
814050207.184000
814050208.184000
814050209.184000
814050210.184000
814050211.184000
814050212.184000
814050213.184000
814050214.184000
814050215.184000
814050216.184000
814050217.184000
814050218.184000
814050219.184000
814050220.184000
814050221.184000
814050222.184000
814050223.184000
814050224.184000
814050225.184000
814050226.184000
814050227.184000
814050228.184000
814050229.184000
814050230.184000
814050231.184000
814050232.184000
814050233.184000
814050234.184000
814050235.184000
814050236.184000
814050237.184000
814050238.184000
814050239.184000
814050240.184000
814050241.184000
814050242.184000
814050243.184000
814050244.184000
814050245.184000
814050246.184000
814050247.184000
814050248.184000
814050249.184000
814050250.184000
814050251.184000
814050252.184000
814050253.184000
814050254.184000
814050255.184000
814050256.184000
814050257.184000
814050258.184000
814050259.184000
814050260.184000
814050261.184000
814050262.184000
814050263.184000
814050264.184000
814050265.184000
814050266.184000
814050267.184000
814050268.184000
814050269.184000
814050270.184000
814050271.184000
814050272.184000
814050273.184000
814050274.184000
814050275.184000
814050276.184000
814050277.184000
814050278.184000
814050279.184000
814050280.184000
814050281.184000
814050282.184000
814050283.184000
814050284.184000
814050285.184000
814050286.184000
814050287.184000
814050288.184000
814050289.184000
814050290.184000
814050291.184000
814050292.184000
814050293.184000
814050294.184000
814050295.184000
814050296.184000
814050297.184000
814050298.184000
814050299.184000
814050300.184000
814050301.184000
814050302.184000
814050303.184000
814050304.184000
814050305.184000
814050306.184000
814050307.184000
814050308.184000
814050309.184000
814050310.184000
814050311.184000
814050312.184000
814050313.184000
814050314.184000
814050315.184000
814050316.184000
814050317.184000
814050318.184000
814050319.184000
814050320.184000
814050321.184000
814050322.184000
814050323.184000
814050324.184000
814050325.184000
814050326.184000
814050327.184000
814050328.184000
814050329.184000
814050330.184000
814050331.184000
814050332.184000
814050333.184000
814050334.184000
814050335.184000
814050336.184000
814050337.184000
814050338.184000
814050339.184000
814050340.184000
814050341.184000
814050342.184000
814050343.184000
814050344.184000
814050345.184000
814050346.184000
814050347.184000
814050348.184000
814050349.184000
814050350.184000
814050351.184000
814050352.184000
814050353.184000
814050354.184000
814050355.184000
814050356.184000
814050357.184000
814050358.184000
814050359.184000
814050360.184000
814050361.184000
814050362.184000
814050363.184000
814050364.184000
814050365.184000
814050366.184000
814050367.184000
814050368.184000
814050369.184000
