7.691041538259e-006
4.287563519302e-002
1.657186918977e-001
2.114352580679e-001
2.225168568125e-001
2.248067630303e-001
2.251669001558e-001
2.251093607514e-001
2.249531219798e-001
2.247648892205e-001
2.245586262412e-001
2.243372974150e-001
2.241015766568e-001
2.238516640508e-001
2.235876648575e-001
2.233096685463e-001
2.230177652412e-001
2.227120490676e-001
2.223926187504e-001
2.220595776312e-001
2.217130335557e-001
2.213530987280e-001
2.209798895467e-001
2.205935264335e-001
2.201941336371e-001
2.197818390265e-001
2.193567371594e-001
2.189190415794e-001
2.184688479890e-001
2.180062960421e-001
2.175315279570e-001
2.170446879860e-001
2.165459220138e-001
2.160353771521e-001
2.155165196410e-001
2.149828857085e-001
2.144378936575e-001
2.138817102258e-001
2.133144844914e-001
2.127363603914e-001
2.121474637668e-001
2.115479442819e-001
2.109379497718e-001
2.103175876643e-001
2.096869730383e-001
2.090462109380e-001
2.083953940597e-001
2.077346001140e-001
2.070638772915e-001
2.063832903735e-001
2.056928350100e-001
2.049924902538e-001
2.042821578821e-001
2.035618164083e-001
2.028311745576e-001
2.020904122063e-001
2.013393910040e-001
2.005774338530e-001
1.998038077795e-001
1.990173063184e-001
1.982165528532e-001
1.972619599843e-001
1.961864222750e-001
1.950337507811e-001
1.938520014381e-001
1.831073820451e-001
1.398928160604e-001
1.036055879167e-001
7.591053329789e-002
5.908615796261e-002
5.398361940467e-002
5.428047185860e-002
5.425858452193e-002
5.422821949589e-002
5.420016012837e-002
5.417734316440e-002
5.416028785669e-002
5.414845464065e-002
5.414096787472e-002
5.413694371315e-002
5.413561431072e-002
5.413635715834e-002
5.413868536553e-002
5.414222527772e-002
5.414669279152e-002
5.415187278779e-002
5.415760243605e-002
5.416375826354e-002
5.417024635852e-002
5.417699502684e-002
5.418394931161e-002
5.419106690524e-002
5.419831509445e-002
5.420566847012e-002
5.421310720364e-002
5.422061574453e-002
5.422818183181e-002
5.423579574161e-002
5.424344971165e-002
5.425113749968e-002
5.425885404445e-002
5.426659520414e-002
5.427435755434e-002
5.428213823191e-002
5.428993481383e-002
5.429774522340e-002
5.430556765733e-002
5.431340052918e-002
5.432124242532e-002
5.432909207072e-002
5.433694830237e-002
5.434481004859e-002
5.435267631290e-002
5.436054616148e-002
5.436841871349e-002
5.437629313344e-002
5.438416862532e-002
5.439204442802e-002
5.439991981177e-002
5.440779407545e-002
5.441566654415e-002
5.442353656787e-002
5.443140352031e-002
5.443926679737e-002
5.444712581678e-002
5.445498001740e-002
5.446282885874e-002
5.447067181691e-002
5.447850837864e-002
5.448633862179e-002
5.449416610087e-002
5.450198956230e-002
5.450980819976e-002
5.451762182483e-002
5.452543072416e-002
5.453323548906e-002
5.454103688559e-002
5.454883576820e-002
5.455663302808e-002
5.456442956523e-002
5.457222627543e-002
5.458002404610e-002
5.458782375677e-002
5.459562628203e-002
5.460343249759e-002
5.461124343442e-002
5.461906024338e-002
5.462688395250e-002
5.463471552597e-002
5.464255590636e-002
5.465040603481e-002
5.465826686130e-002
5.466613934990e-002
5.467402448155e-002
5.468192325569e-002
5.468983669152e-002
5.469776583875e-002
5.470571177357e-002
5.471367558437e-002
5.472165837582e-002
5.472966127144e-002
5.473768541485e-002
5.474573197039e-002
5.475380212340e-002
5.476189708042e-002
5.477001806920e-002
5.477816633881e-002
5.478634315968e-002
5.479454982331e-002
5.480278764278e-002
5.481105795218e-002
5.481936210735e-002
5.482770148500e-002
5.483607748325e-002
5.484449152147e-002
5.485294504025e-002
5.486143950143e-002
5.486997638807e-002
5.487855720437e-002
5.488718347575e-002
5.489585674878e-002
5.490457859113e-002
5.491335059165e-002
5.492217436024e-002
5.493105152790e-002
5.493998374670e-002
5.494897268974e-002
5.495802005113e-002
5.496712754600e-002
5.497629691628e-002
5.498553002178e-002
5.499482876103e-002
5.500419498804e-002
5.501363054595e-002
5.502313728369e-002
5.503271706469e-002
5.504237176968e-002
5.505210329879e-002
5.506191357216e-002
5.507180453028e-002
5.508177813409e-002
5.509183636500e-002
5.510198122495e-002
5.511221473632e-002
5.512253894202e-002
5.513295590538e-002
5.514346771014e-002
5.515407646049e-002
5.516478428098e-002
5.517559331649e-002
5.518650573227e-002
5.519752371385e-002
5.520864946702e-002
5.521988521785e-002
5.523123321259e-002
5.524269571765e-002
5.525427501978e-002
5.526597342548e-002
5.527779326074e-002
5.528973686333e-002
5.530180659007e-002
5.531400482325e-002
5.532633396767e-002
5.533879644958e-002
5.535139472539e-002
5.536413127496e-002
5.537700859045e-002
5.539002918011e-002
5.540319557034e-002
5.541651030652e-002
5.542997595343e-002
5.544359509534e-002
5.545737033599e-002
5.547130429308e-002
5.548539956187e-002
5.549965876293e-002
5.551408455913e-002
5.552867964326e-002
5.554344673229e-002
5.555838856461e-002
5.557350789905e-002
6.976712592843e-002
9.349380970608e-002
1.100715261166e-001
1.211093720498e-001
1.291659233419e-001
1.357991563508e-001
1.418008048928e-001
1.475436885162e-001
1.531921760880e-001
1.588104602320e-001
1.644155249403e-001
1.700026178894e-001
1.755570630078e-001
1.810603689006e-001
1.864931088594e-001
1.918363845306e-001
1.970725889624e-001
2.021858096028e-001
2.071620357266e-001
2.119892506714e-001
2.166574509600e-001
2.211586161610e-001
2.254866446601e-001
2.296372667842e-001
2.336079435524e-001
2.373977573835e-001
2.410073011040e-001
2.444385683398e-001
2.476948507801e-001
2.507806436549e-001
2.537015623599e-001
2.564642721568e-001
2.590764283022e-001
2.615466327031e-001
2.638844024514e-001
2.661001568448e-001
2.682052173811e-001
2.702118233224e-001
2.721331656756e-001
2.739834393988e-001
2.757779085045e-001
2.775329889238e-001
2.792663498621e-001
2.809970404246e-001
2.827456258312e-001
2.845343454961e-001
2.847120879361e-001
2.839759391872e-001
2.830873431920e-001
2.820644640931e-001
2.809057829391e-001
2.796183344820e-001
2.782106491883e-001
2.766929446698e-001
2.750772555839e-001
2.733775054065e-001
2.716095631884e-001
2.697921943382e-001
2.679460169436e-001
2.660887509831e-001
2.642441930234e-001
2.624357545066e-001
2.606890933111e-001
2.590277511240e-001
2.574754798651e-001
2.560557127122e-001
2.547902115322e-001
2.536988552406e-001
2.527792041304e-001
2.520446626071e-001
2.515692807584e-001
2.513203320495e-001
2.456857247773e-001
2.251038169395e-001
1.991870357415e-001
1.734953314608e-001
1.504799187884e-001
1.309345901468e-001
1.148440224344e-001
1.018442353561e-001
9.145934310101e-002
8.321553095978e-002
7.668983904335e-002
7.152567848993e-002
6.743238296569e-002
6.417795262629e-002
6.157966403923e-002
5.949478242294e-002
5.781232836243e-002
5.644619014788e-002
5.532955935127e-002
5.441053239630e-002
5.364868549739e-002
5.301243149595e-002
5.247699203286e-002
5.202284666533e-002
5.163454802467e-002
5.129981614188e-002
5.100884491183e-002
5.075376950111e-002
5.052825596588e-002
5.032718314212e-002
5.014639602818e-002
4.998251248677e-002
4.983277149507e-002
4.969491333132e-002
4.956708446216e-002
4.944776166049e-002
4.933569117611e-002
4.922983975120e-002
4.912935493655e-002
4.903353297701e-002
4.894179272673e-002
4.885365422339e-002
4.876872113535e-002
4.868666634831e-002
4.860722010187e-002
4.853016020533e-002
4.845530395444e-002
4.838250144352e-002
4.831163002527e-002
4.824258971637e-002
4.817529938402e-002
4.810969357845e-002
4.804571990017e-002
4.798333681067e-002
4.792251181118e-002
4.786321992698e-002
4.780544244581e-002
4.774916586749e-002
4.769438102935e-002
4.764108237785e-002
4.758926736214e-002
4.753893592886e-002
4.749009010153e-002
4.744273363027e-002
4.739687170010e-002
4.735251068804e-002
4.730965796097e-002
4.726832170726e-002
4.722851079669e-002
4.719023466383e-002
4.715350321100e-002
4.711832672755e-002
4.708471582261e-002
4.705268136928e-002
4.702223445810e-002
4.699338635833e-002
4.696614848585e-002
4.694053237632e-002
4.691654966296e-002
4.689421205799e-002
4.687353133719e-002
4.685451932707e-002
4.683718789096e-002
4.682154890459e-002
4.680761427164e-002
4.679539592298e-002
4.678490580629e-002
4.677615587932e-002
4.676915810499e-002
4.676392444778e-002
4.676046687081e-002
4.675879733355e-002
4.675892778985e-002
4.676087018627e-002
4.676463646072e-002
4.677023854123e-002
4.677768834488e-002
4.678699777686e-002
4.679817872972e-002
4.681124308254e-002
4.682620270030e-002
4.684306943328e-002
4.686185511647e-002
4.688257156908e-002
4.690523059403e-002
4.692984397747e-002
4.695642348836e-002
4.698498087805e-002
4.701552787983e-002
4.704807620858e-002
4.708263756035e-002
4.711922361197e-002
4.715784602072e-002
4.719851642389e-002
4.724124643850e-002
4.728604766087e-002
4.733293166627e-002
4.738191000860e-002
4.743299422002e-002
4.748619581057e-002
4.754152626784e-002
4.759899705661e-002
4.765861961855e-002
4.772040537179e-002
4.778436571061e-002
4.785051200513e-002
4.791885560089e-002
4.798940781855e-002
4.806217995355e-002
4.813718327574e-002
4.821442902904e-002
4.829392843109e-002
4.837569267295e-002
4.845973291868e-002
4.854606030505e-002
4.863468594121e-002
4.872562090829e-002
4.881887625911e-002
4.891446301778e-002
4.901239217944e-002
4.911267470986e-002
4.921532154510e-002
4.932034359118e-002
4.942775172380e-002
4.953755678785e-002
4.964976959721e-002
4.976440093440e-002
4.988146155018e-002
5.000096216322e-002
5.012291345980e-002
5.024732609348e-002
5.037421068473e-002
5.050357782059e-002
5.063543805435e-002
5.076980190526e-002
5.090667985812e-002
5.104608236298e-002
5.118801983483e-002
5.133250265326e-002
5.147954116209e-002
5.162914566907e-002
5.178132644556e-002
5.193609372621e-002
5.209345770856e-002
5.225342855281e-002
5.241601638145e-002
5.258123127892e-002
5.274908329130e-002
8.181276484953e-002
1.751420016259e-001
2.508195131294e-001
2.544680139067e-001
2.562448327521e-001
2.578680151879e-001
2.594879702492e-001
2.611226867003e-001
2.627745506502e-001
2.644423377523e-001
2.661246133919e-001
2.678183809736e-001
2.695222262488e-001
2.712334439028e-001
2.729513451953e-001
2.746740785257e-001
2.763946168657e-001
2.781140627749e-001
2.798297803164e-001
2.815397255913e-001
2.832414291748e-001
2.849327040671e-001
2.866111285464e-001
2.882747070990e-001
2.899207986132e-001
2.915474574634e-001
2.931522779813e-001
2.947331429778e-001
2.962937640948e-001
2.978200180556e-001
2.908113751018e-001
2.812842634422e-001
2.726816599415e-001
2.645271709339e-001
2.565284137757e-001
2.489464664162e-001
2.483328470781e-001
2.535588475792e-001
2.587649862469e-001
2.637510394328e-001
2.684490971844e-001
2.728223770379e-001
2.768556207365e-001
2.805485279287e-001
2.839054785779e-001
2.869364479936e-001
2.896552163206e-001
2.920781489397e-001
2.942230136300e-001
2.961081956513e-001
2.977520492528e-001
2.991724331182e-001
3.003863921598e-001
3.014099562463e-001
3.022580335570e-001
3.029443397622e-001
3.034853179006e-001
3.038847330141e-001
3.041568490510e-001
3.043113356825e-001
3.043571642320e-001
3.043021263354e-001
3.041531690870e-001
3.039165608646e-001
3.035979845898e-001
3.032026162428e-001
3.027351938560e-001
3.022000758434e-001
3.016012943199e-001
3.009425988192e-001
3.002274999065e-001
2.994593007193e-001
2.986411279745e-001
2.977759682086e-001
2.968666857591e-001
2.959160401109e-001
2.949267047166e-001
2.939012798462e-001
2.928423029853e-001
2.917522571902e-001
2.906335758436e-001
2.894886500441e-001
2.883363858347e-001
2.871944403472e-001
2.860331070931e-001
2.848453998410e-001
2.836311227892e-001
2.823917494138e-001
2.811292158462e-001
2.798455943509e-001
2.785429977615e-001
2.772235521516e-001
2.758893860545e-001
2.745426224443e-001
2.731853725053e-001
2.718197189169e-001
2.704476872702e-001
2.690714147698e-001
2.676928739787e-001
2.663140482921e-001
2.649368798382e-001
2.635632662378e-001
2.621950577988e-001
2.608340510642e-001
2.594819837507e-001
2.581405278150e-001
2.568112813050e-001
2.554957602444e-001
2.541954050687e-001
2.529115704584e-001
2.516455451495e-001
2.503984648181e-001
2.491713691529e-001
2.479651690251e-001
2.467806307897e-001
2.456183551522e-001
2.444787553733e-001
2.433620280356e-001
2.422681005778e-001
2.411965964614e-001
2.401467623601e-001
2.391173646620e-001
2.381065787368e-001
2.371117890827e-001
2.361292137468e-001
2.348432691503e-001
2.335467348780e-001
2.321867882805e-001
2.309526034987e-001
2.223965631366e-001
1.905031767837e-001
1.530021188238e-001
1.200691316322e-001
9.468300379775e-002
7.647773705221e-002
6.397297643775e-002
5.560116393424e-002
5.007474988479e-002
4.644848032452e-002
4.406992943626e-002
4.250467582333e-002
4.146898219900e-002
4.077933841860e-002
4.031756055177e-002
4.000731038852e-002
3.979868227849e-002
3.965882970913e-002
3.956585790067e-002
3.950501566271e-002
3.946627087476e-002
3.944274872800e-002
3.942971164363e-002
3.942388319765e-002
3.942299372953e-002
3.942547113470e-002
3.943022829279e-002
3.943651578718e-002
3.944381930859e-002
3.945178795524e-002
3.946018406002e-002
3.946884809268e-002
3.947767415025e-002
3.948659289123e-002
3.949555970075e-002
3.950454652461e-002
3.951353626922e-002
3.952251898919e-002
3.953148931413e-002
3.954044472996e-002
3.954938444517e-002
3.955830865476e-002
3.956721807173e-002
3.957611363679e-002
3.958499634528e-002
3.959386714969e-002
3.960272691009e-002
3.961157637388e-002
3.962041617303e-002
3.962924683072e-002
3.963806877277e-002
3.964688234069e-002
3.965568780484e-002
3.966448537653e-002
3.967327521879e-002
3.968205745568e-002
3.969083218001e-002
3.969959945980e-002
3.970835934353e-002
3.971711186433e-002
3.972585704338e-002
3.973459489256e-002
3.974332541659e-002
3.975204861467e-002
3.976076448173e-002
3.976947300952e-002
3.977817418725e-002
3.978686800230e-002
3.979555444066e-002
3.980423348718e-002
3.981290512595e-002
3.982156934048e-002
3.983022611382e-002
3.983887542871e-002
3.984751726234e-002
3.985615160116e-002
3.986477843086e-002
3.987339773222e-002
3.988200948686e-002
3.989061367675e-002
3.989921028391e-002
3.990779929042e-002
3.991638067832e-002
3.992495442971e-002
3.993352052669e-002
3.994207895137e-002
3.995062968591e-002
3.995917271252e-002
3.996770801343e-002
3.997623557091e-002
3.998475536730e-002
3.999326738494e-002
4.000177160625e-002
4.001026801366e-002
4.001875658968e-002
4.002723731684e-002
4.003571017771e-002
4.004417515490e-002
4.005263223109e-002
4.006108138895e-002
4.006952261126e-002
4.007795588077e-002
4.008638118034e-002
4.009479849283e-002
4.010320780115e-002
4.011160908827e-002
4.012000233718e-002
4.012838753093e-002
4.013676465261e-002
4.014513368534e-002
4.015349461231e-002
6.344890693933e-002
1.551235863117e-001
1.584939164399e-001
1.582783491773e-001
1.584920554969e-001
1.586880249038e-001
1.588819422673e-001
1.590914878947e-001
1.593226261106e-001
1.595769134090e-001
1.598545712631e-001
1.601553729573e-001
1.604789727333e-001
1.608249721783e-001
1.611929484535e-001
1.615824335376e-001
1.619929482093e-001
1.624239848541e-001
1.628749852373e-001
1.633454574197e-001
1.638348011607e-001
1.643424192121e-001
1.648676926454e-001
1.654099741051e-001
1.659685929922e-001
1.665428558931e-001
1.671320447741e-001
1.677354180450e-001
1.683522107847e-001
1.689816349498e-001
1.696228799849e-001
1.702751131660e-001
1.709374788222e-001
1.716090998535e-001
1.722890781586e-001
1.729764717617e-001
1.736703637025e-001
1.743698195795e-001
1.750738434617e-001
1.757814434948e-001
1.764916119081e-001
1.772033262181e-001
1.779155509573e-001
1.786272374881e-001
1.793373262422e-001
1.800447482664e-001
1.807484266844e-001
1.814472789292e-001
1.821402200446e-001
1.828261568989e-001
1.835039958873e-001
1.841726456762e-001
1.848310176203e-001
1.854780240209e-001
1.861125845614e-001
1.867336296541e-001
1.873400923123e-001
1.879309302484e-001
1.885051157740e-001
1.890616380458e-001
1.895995056358e-001
1.901177492881e-001
1.906154173826e-001
1.910915861451e-001
1.915453659988e-001
1.919758964005e-001
1.923823483611e-001
1.927639256182e-001
1.931198564802e-001
1.934494260612e-001
1.937519593627e-001
1.940268217208e-001
1.942734190627e-001
1.944912289944e-001
1.946797488627e-001
1.948385168238e-001
1.949671314264e-001
1.950652417735e-001
1.951325456096e-001
1.951687985881e-001
1.951738161676e-001
1.951474680315e-001
1.950903201290e-001
1.950029878157e-001
1.948824071766e-001
1.947305295418e-001
1.945475226507e-001
1.943335869960e-001
1.940889541781e-001
1.938139149790e-001
1.935088068172e-001
1.931740256454e-001
1.928099807413e-001
1.924172982190e-001
1.919964675916e-001
1.915481076515e-001
1.910728620665e-001
1.905715318703e-001
1.900448722162e-001
1.894935858554e-001
1.889186100346e-001
1.883208686505e-001
1.877012719955e-001
1.870608710753e-001
1.864006909187e-001
1.857218856988e-001
1.849289720437e-001
1.842185633215e-001
1.834881542000e-001
1.827452584122e-001
1.820794268256e-001
1.647075589703e-001
1.345532145214e-001
1.050207771649e-001
8.126119305189e-002
6.401429472115e-002
5.225824769111e-002
4.457067568269e-002
3.968396966943e-002
3.663782434297e-002
3.476403795158e-002
3.362163432153e-002
3.292944089085e-002
3.251230323003e-002
3.226279228561e-002
3.211566108647e-002
3.203149482840e-002
3.198652870037e-002
3.196642258063e-002
3.196249747709e-002
3.196947935809e-002
3.198414767908e-002
3.200452579563e-002
3.202939493500e-002
3.205800074268e-002
3.208987496280e-002
3.212472632233e-002
3.216237330987e-002
3.220270247453e-002
3.224564250418e-002
3.229114799861e-002
3.233918933801e-002
3.238974636468e-002
3.244280446399e-002
3.249835216117e-002
3.255637964340e-002
3.261687790725e-002
3.267983825869e-002
3.274525204064e-002
3.281311049270e-002
3.288340468975e-002
3.295612552752e-002
3.303126372749e-002
3.310880984103e-002
3.318875429585e-002
3.327108740369e-002
3.335579937945e-002
3.344288035783e-002
3.353232040651e-002
3.362410954510e-002
3.371823772502e-002
3.381469486801e-002
3.391347086075e-002
3.401455555623e-002
3.411793877646e-002
3.422361031516e-002
3.433155994409e-002
3.444177740117e-002
3.455425239509e-002
3.466897462015e-002
3.478593374586e-002
3.490511941790e-002
3.502652125897e-002
3.515012886893e-002
3.527593183647e-002
3.540391969855e-002
3.553408199006e-002
3.566640822320e-002
3.580088788898e-002
3.593751045763e-002
3.607626537871e-002
3.621714208992e-002
3.636012999122e-002
3.650521846827e-002
3.665239689572e-002
3.680165463444e-002
3.695298102729e-002
3.710636539654e-002
3.726179704355e-002
3.741926526292e-002
3.757875929717e-002
3.774026839482e-002
3.790378178590e-002
3.806928868273e-002
3.823677828064e-002
3.840623975860e-002
3.857766228958e-002
3.875103501019e-002
3.892634704844e-002
3.910358752436e-002
3.928274554239e-002
3.946381019158e-002
3.964677054673e-002
3.983161567184e-002
4.001833461849e-002
4.020691640356e-002
4.039735005116e-002
4.058962457081e-002
4.078372895844e-002
4.097965219766e-002
4.117738325955e-002
4.137691111647e-002
4.157822469722e-002
4.178131293864e-002
4.198616476951e-002
4.219276910669e-002
4.240111485612e-002
4.261119091341e-002
4.282298617241e-002
4.303648950456e-002
4.325168976560e-002
4.346857581755e-002
4.368713651166e-002
4.390736069069e-002
4.412923718874e-002
4.435275483124e-002
4.457790245374e-002
4.480466883988e-002
4.503304279859e-002
4.526301313005e-002
4.549456862682e-002
4.572769807474e-002
4.596239025366e-002
4.619863395015e-002
4.643641791859e-002
4.667573091655e-002
4.691656170682e-002
4.715889904637e-002
4.740273169464e-002
4.764804840688e-002
7.918228355461e-002
1.815286433443e-001
2.495039482344e-001
2.543690514473e-001
2.557988569466e-001
2.564539479118e-001
2.569594794386e-001
2.574165647167e-001
2.578404351278e-001
2.319030679056e-001
2.075124258954e-001
1.877252794738e-001
1.790885119812e-001
1.842031081165e-001
1.951176661579e-001
2.064969474242e-001
2.185065026368e-001
2.309251218507e-001
2.435902924200e-001
2.563621833220e-001
2.691078729505e-001
2.816965457272e-001
2.939967230309e-001
3.058829521618e-001
3.172353630600e-001
3.279405855137e-001
3.346041895035e-001
3.330896991488e-001
3.313292978619e-001
3.292780567454e-001
3.269451064526e-001
3.243406617564e-001
3.214675846247e-001
3.183350443297e-001
3.149498823863e-001
3.113183541847e-001
3.074462314164e-001
3.033389120571e-001
2.990013660669e-001
2.944382587093e-001
2.896539665878e-001
2.846525631440e-001
2.794379762100e-001
2.740174669447e-001
2.683879099284e-001
2.625558426070e-001
2.565248055810e-001
2.502984865230e-001
2.438807403619e-001
2.372757012152e-001
2.304878881980e-001
2.235223184794e-001
2.163846310057e-001
2.090812915205e-001
2.016196417204e-001
1.940081666572e-001
1.862566314668e-001
1.783762987882e-001
1.703801409494e-001
1.622830643578e-001
1.540994191386e-001
1.458544348147e-001
1.375673714932e-001
1.292643022203e-001
1.209701682947e-001
1.127179446596e-001
1.045422275021e-001
9.648032520261e-002
8.857348172897e-002
8.086563058668e-002
7.340716878637e-002
6.624077234232e-002
5.942039792517e-002
5.299837680761e-002
4.702653409940e-002
4.155695556090e-002
3.660753491457e-002
3.227741296923e-002
2.858490148550e-002
2.556647748781e-002
1.911982249122e-002
1.133155754872e-002
6.359785111267e-003
5.248840340353e-003
7.458590773253e-003
1.194295440302e-002
1.768613241435e-002
2.389866736528e-002
3.004470616364e-002
3.580204793131e-002
4.100562856957e-002
4.559579699114e-002
4.957806363035e-002
5.299453301414e-002
5.590493996790e-002
5.837478330668e-002
6.046837655487e-002
6.224513269326e-002
6.375788493996e-002
6.505242852836e-002
6.616775079570e-002
6.713661326352e-002
6.798628091472e-002
6.873927992065e-002
6.941411791507e-002
7.002593598683e-002
7.058708001324e-002
7.110759062355e-002
7.159561704360e-002
7.205776279223e-002
7.249937207806e-002
7.292476559479e-002
7.333743373307e-002
7.374019431852e-002
7.413532102178e-002
7.452464766078e-002
7.490965278451e-002
7.529152814415e-002
7.567123406914e-002
7.604954423057e-002
7.642708179112e-002
7.680434858129e-002
7.718174864076e-002
7.755960720400e-002
7.793818606920e-002
7.831769587424e-002
7.869830600226e-002
7.908015260850e-002
7.946334508533e-002
7.984797126862e-002
8.023410163058e-002
8.062179265670e-002
8.101108956509e-002
8.140202849690e-002
8.179463828016e-002
8.218894185029e-002
8.258495739429e-002
8.298269927197e-002
8.338217875800e-002
8.378340463938e-002
8.418638369668e-002
8.459112109160e-002
8.499762067884e-002
8.540588525769e-002
8.581591677425e-002
8.622771648356e-002
8.664128508387e-002
8.705662281874e-002
8.747372955761e-002
8.789260438800e-002
8.831324621809e-002
8.873565397700e-002
8.915982652355e-002
8.958576263440e-002
9.001346100300e-002
9.044292024431e-002
9.087413890230e-002
9.130711545765e-002
9.174184833545e-002
9.217833591177e-002
9.261657651972e-002
9.305656845434e-002
9.349830993041e-002
9.394179910805e-002
9.438703416458e-002
9.483401326258e-002
9.528273454834e-002
9.573319615026e-002
9.618539617813e-002
9.663933272237e-002
9.709500385725e-002
9.755240763759e-002
9.801154209899e-002
9.847240526221e-002
9.893499513023e-002
9.939930968966e-002
9.986534691066e-002
1.003331047474e-001
1.008025811382e-001
1.012737740058e-001
1.017466812572e-001
1.022213007842e-001
1.026976304633e-001
1.031756681557e-001
1.036554117077e-001
1.041368589425e-001
1.046200075598e-001
1.051048553044e-001
1.055913999351e-001
1.060796392143e-001
1.065695708049e-001
1.070611912354e-001
1.075544976701e-001
1.080494875382e-001
1.085461583926e-001
1.090445078438e-001
1.095445335252e-001
1.100462330793e-001
1.105496041431e-001
1.110546443425e-001
1.115613512903e-001
1.120697225841e-001
1.125797558058e-001
1.130914485219e-001
1.136047982829e-001
1.141198026241e-001
1.146364590660e-001
1.151547651138e-001
1.156747182584e-001
1.161963159762e-001
1.167195557297e-001
1.172444349670e-001
1.177709511228e-001
1.182991016179e-001
1.188288838596e-001
1.193602952416e-001
1.198933331444e-001
1.204279949344e-001
1.209642779675e-001
1.215021795848e-001
1.220416971121e-001
1.225828278654e-001
1.231255691469e-001
1.236699182459e-001
1.242158724389e-001
1.247634289899e-001
1.253125851502e-001
1.258633381584e-001
1.264156852407e-001
1.269696236109e-001
1.275251504705e-001
1.280822630085e-001
1.286409584017e-001
1.292012338148e-001
1.297630864004e-001
1.303265132986e-001
1.308915116380e-001
1.314580785350e-001
1.320262110942e-001
1.325959064083e-001
1.119953290124e-001
9.913418040104e-002
9.223953697592e-002
8.742266693205e-002
8.344561456719e-002
7.994986402803e-002
7.694937017523e-002
7.465139762803e-002
7.339763892108e-002
7.365020258239e-002
7.599291240382e-002
8.113238376699e-002
8.989177924935e-002
1.031864696730e-001
1.219772237441e-001
1.408227463519e-001
1.537157067743e-001
1.667796741810e-001
1.799781027832e-001
1.932555704847e-001
2.065638395689e-001
2.198604078065e-001
2.331080452724e-001
2.462759453990e-001
2.593332824550e-001
2.722645706029e-001
2.850282525920e-001
2.976269634811e-001
3.100411080186e-001
3.222590343381e-001
3.342721006818e-001
3.460729513918e-001
3.576559937359e-001
3.690168424779e-001
3.801524841852e-001
3.910604790329e-001
4.017390784499e-001
4.121869543084e-001
4.224031151377e-001
4.323864905381e-001
4.421359607600e-001
4.516501772935e-001
4.609273652963e-001
4.699656397002e-001
4.755661054683e-001
4.775164140839e-001
4.789775812264e-001
4.803663246519e-001
4.817327996353e-001
4.830819329957e-001
4.844130708371e-001
4.857249636353e-001
4.870161087471e-001
4.882854173299e-001
4.895314097178e-001
4.907532871621e-001
4.919478999986e-001
4.931165129096e-001
4.942562436638e-001
4.953664068660e-001
4.964457852861e-001
4.974933788846e-001
4.985081502077e-001
4.994890797393e-001
5.004351855118e-001
5.013456005524e-001
5.022194360808e-001
5.030558472807e-001
5.038541315304e-001
5.046135449602e-001
5.053334394641e-001
5.060132127961e-001
5.066523212868e-001
5.072502722818e-001
5.078066333287e-001
5.083210228162e-001
5.087931253434e-001
5.092226249310e-001
5.096093808777e-001
5.099531864604e-001
5.102538603616e-001
5.105112808264e-001
5.107253701922e-001
5.108961113182e-001
5.110235689611e-001
5.111079018057e-001
5.111492761636e-001
5.111479185785e-001
5.111041187177e-001
5.110182481597e-001
5.108907146326e-001
5.107219776238e-001
5.105125895532e-001
5.102631579500e-001
5.099743432382e-001
5.096468360119e-001
5.092813779391e-001
5.088787619464e-001
5.084398351900e-001
5.079655194833e-001
5.074567675150e-001
5.069145948108e-001
5.063400783034e-001
5.057343003237e-001
4.976419799451e-001
4.772607611189e-001
4.556401546159e-001
4.333287102249e-001
4.114790483727e-001
4.003692115365e-001
4.049787036711e-001
4.092434554066e-001
4.133001362021e-001
4.171600184691e-001
4.208316397385e-001
4.243245163228e-001
4.276475600563e-001
4.308097312362e-001
4.338199287146e-001
4.366869923841e-001
4.394197231108e-001
4.420268978675e-001
4.445172694058e-001
4.468996454787e-001
4.491830839313e-001
4.513768219649e-001
4.532881843425e-001
4.553697587786e-001
4.573876369739e-001
4.593767097850e-001
4.613560523247e-001
4.635349730034e-001
4.578489223463e-001
4.184991932806e-001
3.679534559806e-001
3.209761146224e-001
2.827865394291e-001
2.537427608925e-001
2.324177383716e-001
2.170185628087e-001
2.059518363867e-001
1.979753401794e-001
1.921806573631e-001
1.879247565107e-001
1.847590229477e-001
1.823712035093e-001
1.805398802331e-001
1.791142005379e-001
1.779870435747e-001
1.770806177553e-001
1.763380879895e-001
1.757176167831e-001
1.751883969274e-001
1.747275801410e-001
1.743181711914e-001
1.739475026012e-001
1.736061203634e-001
1.732869639101e-001
1.729847590731e-001
1.726955667030e-001
1.724164459762e-001
1.721452027222e-001
1.718802010703e-001
1.716202223960e-001
1.713643596857e-001
1.711119384481e-001
1.708624575272e-001
1.706155448478e-001
1.703709243526e-001
1.701283913245e-001
1.698877939885e-001
1.696490198107e-001
1.694119853063e-001
1.691766284667e-001
1.689429031403e-001
1.687107748668e-001
1.684802177973e-001
1.682512124123e-001
1.680237438413e-001
1.677978006219e-001
1.675733737867e-001
1.673504561922e-001
1.671290420231e-001
1.669091264336e-001
1.666907052827e-001
1.664737749385e-001
1.662583321380e-001
1.660443738845e-001
1.658318973725e-001
1.656208999328e-001
1.654113789933e-001
1.652033320504e-001
1.649967566491e-001
1.647916503664e-001
1.645880108019e-001
1.643858355695e-001
1.641851222931e-001
1.639858686014e-001
1.637880721248e-001
1.635917304937e-001
1.633968413617e-001
1.632034028254e-001
1.630114131243e-001
1.628208701952e-001
1.626317717931e-001
1.624441155774e-001
1.622578991546e-001
1.620731201048e-001
1.618897759936e-001
1.617078643809e-001
1.615273828227e-001
1.613483288720e-001
1.611707000822e-001
1.609944940041e-001
1.608197081867e-001
1.606463401777e-001
1.604743875227e-001
1.603038477637e-001
1.601347184403e-001
1.599669970893e-001
1.598006812446e-001
1.596357684365e-001
1.594722561914e-001
1.593101420339e-001
1.591494234838e-001
1.589900980577e-001
1.588321632686e-001
1.586756166271e-001
1.585204556393e-001
1.583666778087e-001
1.582142806563e-001
1.580632617475e-001
1.579136186191e-001
1.577653487808e-001
1.576184497259e-001
1.574729189395e-001
1.573287538983e-001
1.571859520758e-001
1.570445109414e-001
1.569044279613e-001
2.219284074444e-001
3.808077916184e-001
4.453837544417e-001
4.428496774159e-001
4.413892210392e-001
4.401545291668e-001
4.389823830465e-001
4.378468681741e-001
4.367444324019e-001
4.356753185945e-001
4.346403751120e-001
4.336405504022e-001
4.326767360393e-001
4.317497904960e-001
4.308605211579e-001
4.300096975176e-001
4.291980462516e-001
4.284296426986e-001
4.276996858833e-001
4.270094379749e-001
4.263608580029e-001
4.257544193434e-001
4.251905697909e-001
4.246697221754e-001
4.241920069344e-001
4.237174045225e-001
4.232165663760e-001
4.226899158316e-001
4.221377471663e-001
4.215606980969e-001
4.209591927645e-001
4.203337897939e-001
4.196850994418e-001
4.190137810679e-001
4.183205402682e-001
4.176061269532e-001
4.168713304776e-001
4.161169895024e-001
4.153439868854e-001
4.145532264826e-001
4.137457214323e-001
4.129224522771e-001
4.120844615018e-001
4.112328281764e-001
4.103686603084e-001
4.094931018070e-001
4.086073310392e-001
4.077125565563e-001
4.068099330442e-001
4.059009049002e-001
4.049866626313e-001
4.040685174413e-001
4.031476697511e-001
4.022257022584e-001
4.013038583037e-001
4.003836225280e-001
3.994663148509e-001
3.985533467457e-001
3.976461191600e-001
3.967461121168e-001
3.958547332563e-001
3.949734242622e-001
3.941036317085e-001
3.932468092379e-001
3.924044077593e-001
3.915779439880e-001
3.907687343150e-001
3.899782985424e-001
3.892080824965e-001
3.884594783183e-001
3.877340395098e-001
3.870331472759e-001
3.863582313078e-001
3.857107154221e-001
3.850920179561e-001
3.845035538776e-001
3.839467333848e-001
3.834229596379e-001
3.829336340651e-001
3.824801569555e-001
3.820639289484e-001
3.816863532297e-001
3.813488381994e-001
3.810528007463e-001
3.807996705398e-001
3.805908944512e-001
3.804280109310e-001
3.803123476567e-001
3.802454016281e-001
3.802290090152e-001
3.802648032730e-001
3.803543805932e-001
3.804995260653e-001
3.807021457264e-001
3.809642803847e-001
3.812881325930e-001
3.816759442063e-001
3.821307378277e-001
3.826536494402e-001
3.832626332876e-001
3.839408433710e-001
3.846959854722e-001
3.855381473191e-001
3.864728200858e-001
3.875075007273e-001
3.886512975852e-001
3.898693249153e-001
3.920496505639e-001
3.946968833837e-001
3.976515407321e-001
4.009003479901e-001
4.045547070673e-001
3.954575044702e-001
3.606202647063e-001
3.208258913014e-001
2.861001454065e-001
2.592514244541e-001
2.398306777436e-001
2.263291093447e-001
2.171666897433e-001
2.110413029107e-001
2.069867109254e-001
2.043247420676e-001
2.025938343792e-001
2.014848276791e-001
2.007919810994e-001
2.003784315238e-001
2.001528427421e-001
2.000539664477e-001
2.000405072184e-001
2.000845656035e-001
2.001672179500e-001
2.002756253214e-001
2.004011107053e-001
2.005378433177e-001
2.006819400162e-001
2.008308477625e-001
2.009829176634e-001
2.011371108510e-001
2.012927956958e-001
2.014496085642e-001
2.016073588113e-001
2.017659645718e-001
2.019254098405e-001
2.020857162547e-001
2.022469249276e-001
2.024090850698e-001
2.025722471523e-001
2.027364590242e-001
2.029017639572e-001
2.030681998629e-001
2.032357992380e-001
2.034045894964e-001
2.035745934952e-001
2.037458301459e-001
2.039183150062e-001
2.040920608513e-001
2.042670781664e-001
2.044433755802e-001
2.046209602332e-001
2.047998380751e-001
2.049800141149e-001
2.051614926227e-001
2.053442772938e-001
2.055283713777e-001
2.057137777762e-001
2.059004991242e-001
2.060885378583e-001
2.062778962601e-001
2.064685764944e-001
2.066605806437e-001
2.068539107247e-001
2.070485687111e-001
2.072445565423e-001
2.074418761388e-001
2.076405294048e-001
2.078405182380e-001
2.080418445303e-001
2.082445101755e-001
2.084485170674e-001
2.086538671032e-001
2.088605621881e-001
2.090686042306e-001
2.092779951495e-001
2.094887368673e-001
2.097008313169e-001
2.099142804381e-001
2.101290861810e-001
2.103452505037e-001
2.105627753701e-001
2.107816627463e-001
2.110019146111e-001
2.112235329544e-001
2.114465197774e-001
2.116708770861e-001
2.118966068990e-001
2.121237112426e-001
2.123521921505e-001
2.125820516562e-001
2.128132917962e-001
2.130459146233e-001
2.132799221974e-001
2.135153165897e-001
2.137520998812e-001
2.139902741602e-001
2.142298415256e-001
2.144708040802e-001
2.147131639370e-001
2.149569232148e-001
2.152020840410e-001
2.154486485479e-001
2.156966188777e-001
2.159459971755e-001
2.161967855952e-001
2.164489862996e-001
2.167026014555e-001
2.169576332339e-001
2.172140837920e-001
2.174719552928e-001
2.177312499133e-001
2.179919698508e-001
2.182541173085e-001
2.185176944994e-001
2.187827036415e-001
2.190491469577e-001
2.193170266831e-001
2.195863450490e-001
2.198571042944e-001
2.201293066648e-001
2.204029544135e-001
2.206780497963e-001
2.209545950798e-001
2.212325925338e-001
2.215120444315e-001
2.217929530565e-001
2.220753206905e-001
2.223591496224e-001
2.226444421494e-001
2.229312005705e-001
2.232194271911e-001
2.132987136269e-001
2.741679064015e-001
3.447645275940e-001
3.569880945981e-001
3.596141090041e-001
3.604506142905e-001
3.610271921108e-001
3.615773172407e-001
3.621351050946e-001
3.627052730023e-001
3.632879207704e-001
3.638825228522e-001
3.644884323885e-001
3.651049306640e-001
3.657312653829e-001
3.663666722963e-001
3.670103237865e-001
3.676613295798e-001
3.683187504398e-001
3.689815674425e-001
3.696488225951e-001
3.703193940326e-001
3.709921424069e-001
3.716658760463e-001
3.723392827423e-001
3.730112012487e-001
3.736802317728e-001
3.743552089948e-001
3.750142960218e-001
3.756655957222e-001
3.763073634172e-001
3.769383606476e-001
3.775569475887e-001
3.781608857679e-001
3.787481504279e-001
3.793165271693e-001
3.798637041053e-001
3.803870831624e-001
3.808842391919e-001
3.813522699450e-001
3.817880770975e-001
3.821883576553e-001
3.825494660200e-001
3.828674325164e-001
3.831378717228e-001
3.833559109929e-001
3.835160903199e-001
3.836122455008e-001
3.836373488304e-001
3.835833039133e-001
3.834406761681e-001
3.831983324005e-001
3.828428894914e-001
3.823582690942e-001
3.817243841809e-001
3.803629145918e-001
3.780291154830e-001
3.751043685549e-001
3.715777698605e-001
3.673026789461e-001
3.621452095268e-001
3.418173387686e-001
3.070208300399e-001
2.734230197314e-001
2.470430812942e-001
2.285996870383e-001
2.167065668759e-001
2.095491558922e-001
2.055421558980e-001
2.035114234758e-001
2.026608427363e-001
2.024817124869e-001
2.026632625285e-001
2.030228629383e-001
2.034572783301e-001
2.039108116888e-001
2.043553899089e-001
2.047785049207e-001
2.051761171683e-001
2.055485084264e-001
2.058980408990e-001
2.062278681274e-001
2.065412681842e-001
2.068413179521e-001
2.071307524199e-001
2.074119232989e-001
2.076868085516e-001
2.079570458509e-001
2.082239751798e-001
2.084886825921e-001
2.087520417544e-001
2.090147510719e-001
2.092773657005e-001
2.095403247100e-001
2.098039737647e-001
2.100685838402e-001
2.103343665055e-001
2.106014863109e-001
2.108700707506e-001
2.111402181998e-001
2.114120042650e-001
2.116854868411e-001
2.119607100602e-001
2.122377073865e-001
2.125165040380e-001
2.127971188776e-001
2.130795658775e-001
2.133638552569e-001
2.136499943636e-001
2.139379883482e-001
2.142278406845e-001
2.145195538836e-001
2.148131390890e-001
2.151086126793e-001
2.154059839679e-001
2.157052574718e-001
2.160064348611e-001
2.163095161628e-001
2.166145004934e-001
2.169213864992e-001
2.172301726111e-001
2.175408571884e-001
2.178534385954e-001
2.181679152365e-001
2.184842855689e-001
2.188025481043e-001
2.191227014042e-001
2.194447440708e-001
2.197686747392e-001
2.200944920718e-001
2.204221947503e-001
2.207517814721e-001
2.210832509428e-001
2.214166018766e-001
2.217518329898e-001
2.220889430021e-001
2.224279306321e-001
2.227687945991e-001
2.231115336202e-001
2.234561464112e-001
2.238026316847e-001
2.241509881491e-001
2.245012145110e-001
2.248533094736e-001
2.252072717363e-001
2.255630999942e-001
2.259207929397e-001
2.262803492597e-001
2.266417676399e-001
2.270050467600e-001
2.273701852979e-001
2.277371819244e-001
2.281060353086e-001
2.284767441165e-001
2.288493070087e-001
2.292237226420e-001
2.295999896685e-001
2.299781067376e-001
2.303580724949e-001
2.307398855796e-001
2.311235446240e-001
2.315090482112e-001
2.318963949311e-001
2.322855833826e-001
2.326766121770e-001
2.330694799253e-001
2.334641852385e-001
2.338607267228e-001
2.342591029831e-001
2.346593126217e-001
2.350613542334e-001
2.354652264103e-001
2.358709277379e-001
2.362784568010e-001
2.366878121765e-001
2.370989924400e-001
2.375119961587e-001
2.379268218977e-001
2.383434682184e-001
2.387619336760e-001
2.391822168229e-001
2.396043162068e-001
2.400282303628e-001
2.404539575217e-001
2.408814956540e-001
2.413108429559e-001
2.417419977719e-001
2.421749585389e-001
2.426097237377e-001
2.430462918689e-001
2.434846614409e-001
2.439248309640e-001
2.443667989409e-001
2.448105638077e-001
2.452561232527e-001
2.457034748305e-001
2.461526165015e-001
2.466035464683e-001
2.470562630690e-001
2.475107647104e-001
2.479670498322e-001
2.484251168851e-001
2.488849643195e-001
2.493465905804e-001
2.498099941002e-001
2.502751732939e-001
2.507421264845e-001
2.512108519811e-001
2.516813481284e-001
2.521536132912e-001
2.526276458549e-001
2.531034441988e-001
2.535810066939e-001
2.540603317020e-001
2.545414175801e-001
2.550242626779e-001
2.555088653362e-001
2.559952238920e-001
2.564833366742e-001
2.569732020068e-001
2.574648182111e-001
2.579581835969e-001
2.584532964746e-001
2.589501551829e-001
2.594487581087e-001
2.599491036024e-001
2.604511899817e-001
2.609550155428e-001
2.614605986284e-001
2.619680857909e-001
2.624774312239e-001
2.629885742001e-001
2.635014789297e-001
2.640161246330e-001
2.645324994570e-001
2.650505967589e-001
2.655704128439e-001
2.660919456115e-001
2.666151937528e-001
2.671401562998e-001
2.940428446097e-001
3.702598824405e-001
3.665340088175e-001
3.489832882170e-001
3.466747517129e-001
3.463359583413e-001
3.463058675960e-001
3.463460913844e-001
3.464219771646e-001
3.465289800665e-001
3.466670062187e-001
3.468366126085e-001
3.470384425673e-001
3.472731423560e-001
3.475413497395e-001
3.478436926646e-001
3.481807899408e-001
3.485532212427e-001
3.489616473759e-001
3.494066264445e-001
3.498887499418e-001
3.504086090921e-001
3.509667961065e-001
3.515639059542e-001
3.522005391337e-001
3.528773059567e-001
3.535948303601e-001
3.543537529718e-001
3.551547421309e-001
3.559984664869e-001
3.568856930325e-001
3.578171828441e-001
3.587936863911e-001
3.598162650325e-001
3.608858405381e-001
3.620034913806e-001
3.631704025863e-001
3.643879271994e-001
3.656576236779e-001
3.669809417013e-001
3.683596806573e-001
3.697962804342e-001
3.712990405495e-001
3.728586663131e-001
3.744852838304e-001
3.761826049149e-001
3.779553572985e-001
3.798092648084e-001
3.817512341272e-001
3.837898346538e-001
3.859356474770e-001
3.882020724682e-001
3.909717306453e-001
3.947660183283e-001
3.990179884954e-001
4.036659352344e-001
4.087235004123e-001
4.142545601982e-001
4.061582395331e-001
3.859349431120e-001
3.666365075352e-001
3.530290587567e-001
3.454181717231e-001
3.424460106226e-001
3.425103271884e-001
3.443019649463e-001
3.469136269722e-001
3.497827747157e-001
3.525949655697e-001
3.551964994780e-001
3.575297597577e-001
3.595901299308e-001
3.613992999355e-001
3.629897162690e-001
3.643960912536e-001
3.656509869791e-001
3.667836018791e-001
3.678184246863e-001
3.687757794181e-001
3.696722484238e-001
3.705211991857e-001
3.713333126958e-001
3.721170660192e-001
3.728791512533e-001
3.736248282948e-001
3.743582159866e-001
3.750825291526e-001
3.758002696652e-001
3.765133793162e-001
3.772233614168e-001
3.779313770482e-001
3.786383209382e-001
3.793448810635e-001
3.800515853098e-001
3.807588378928e-001
3.814669477096e-001
3.821761503387e-001
3.828866250877e-001
3.835985081707e-001
3.843119028512e-001
3.850268872415e-001
3.857435202966e-001
3.864618463967e-001
3.871818988511e-001
3.879037025797e-001
3.886272761429e-001
3.893526332940e-001
3.900797841528e-001
3.908087360961e-001
3.915394944307e-001
3.922720629042e-001
3.930064440826e-001
3.937426396471e-001
3.944806506065e-001
3.952204774599e-001
3.959621203201e-001
3.967055790061e-001
3.974508531089e-001
3.981979420432e-001
3.989468450891e-001
3.996975614177e-001
4.004500901093e-001
4.012044301750e-001
4.019605805623e-001
4.027185401688e-001
4.034783078452e-001
4.042398824034e-001
4.050032626152e-001
4.057684472171e-001
4.065354349143e-001
4.073042243775e-001
4.080748142495e-001
4.088472031408e-001
4.096213896322e-001
4.103973722764e-001
4.111751495951e-001
4.119547200806e-001
4.127360821992e-001
4.135192343857e-001
4.143041750459e-001
4.150909025579e-001
4.158794152709e-001
4.166697115044e-001
4.174617895481e-001
4.182556476649e-001
4.190512840859e-001
4.198486970152e-001
4.206478846286e-001
4.214488450684e-001
4.222515764509e-001
4.230560768621e-001
4.238623443596e-001
4.246703769692e-001
4.254801726898e-001
4.262917294901e-001
4.271050453074e-001
4.279201180502e-001
4.287369455976e-001
4.295555257991e-001
4.303758564720e-001
4.311979354070e-001
4.320217603630e-001
4.328473290698e-001
4.336746392260e-001
4.345036885000e-001
4.353344745316e-001
4.361669949271e-001
4.370012472657e-001
4.378372290955e-001
4.386749379329e-001
4.395143712652e-001
4.403555265484e-001
4.411984012086e-001
4.420429926418e-001
4.428892982106e-001
4.437373152489e-001
4.445870410605e-001
4.454384729164e-001
4.462916080585e-001
4.471464436979e-001
