-6.878145e+006 8.423020e-010 0.000000e+000
-6.878141e+006 -4.686807e+003 5.998839e+003
-6.878128e+006 -9.373608e+003 1.199767e+004
-6.878107e+006 -1.406040e+004 1.799649e+004
-6.878078e+006 -1.874717e+004 2.399528e+004
-6.878040e+006 -2.343392e+004 2.999405e+004
-6.877993e+006 -2.812064e+004 3.599278e+004
-6.877939e+006 -3.280733e+004 4.199146e+004
-6.877875e+006 -3.749397e+004 4.799010e+004
-6.877804e+006 -4.218057e+004 5.398867e+004
-6.877724e+006 -4.686712e+004 5.998718e+004
-6.877635e+006 -5.155361e+004 6.598561e+004
-6.877538e+006 -5.624004e+004 7.198397e+004
-6.877433e+006 -6.092640e+004 7.798223e+004
-6.877319e+006 -6.561268e+004 8.398040e+004
-6.877197e+006 -7.029889e+004 8.997847e+004
-6.877067e+006 -7.498501e+004 9.597643e+004
-6.876928e+006 -7.967103e+004 1.019743e+005
-6.876780e+006 -8.435696e+004 1.079720e+005
-6.876624e+006 -8.904278e+004 1.139696e+005
-6.876460e+006 -9.372850e+004 1.199670e+005
-6.876287e+006 -9.841410e+004 1.259643e+005
-6.876106e+006 -1.030996e+005 1.319614e+005
-6.875917e+006 -1.077849e+005 1.379584e+005
-6.875719e+006 -1.124702e+005 1.439552e+005
-6.875512e+006 -1.171552e+005 1.499519e+005
-6.875297e+006 -1.218402e+005 1.559483e+005
-6.875074e+006 -1.265250e+005 1.619446e+005
-6.874842e+006 -1.312096e+005 1.679406e+005
-6.874602e+006 -1.358941e+005 1.739365e+005
-6.874354e+006 -1.405784e+005 1.799321e+005
-6.874097e+006 -1.452625e+005 1.859276e+005
-6.873832e+006 -1.499465e+005 1.919228e+005
-6.873558e+006 -1.546303e+005 1.979177e+005
-6.873276e+006 -1.593139e+005 2.039124e+005
-6.872985e+006 -1.639972e+005 2.099069e+005
-6.872686e+006 -1.686804e+005 2.159011e+005
-6.872379e+006 -1.733634e+005 2.218951e+005
-6.872063e+006 -1.780462e+005 2.278887e+005
-6.871738e+006 -1.827287e+005 2.338821e+005
-6.871406e+006 -1.874111e+005 2.398752e+005
-6.871065e+006 -1.920932e+005 2.458681e+005
-6.870715e+006 -1.967750e+005 2.518606e+005
-6.870357e+006 -2.014567e+005 2.578528e+005
-6.869991e+006 -2.061380e+005 2.638447e+005
-6.869616e+006 -2.108192e+005 2.698362e+005
-6.869233e+006 -2.155000e+005 2.758275e+005
-6.868841e+006 -2.201806e+005 2.818184e+005
-6.868441e+006 -2.248610e+005 2.878089e+005
-6.868033e+006 -2.295410e+005 2.937991e+005
-6.867616e+006 -2.342208e+005 2.997890e+005
-6.867190e+006 -2.389003e+005 3.057784e+005
-6.866757e+006 -2.435795e+005 3.117675e+005
-6.866315e+006 -2.482584e+005 3.177562e+005
-6.865864e+006 -2.529370e+005 3.237446e+005
-6.865405e+006 -2.576153e+005 3.297325e+005
-6.864938e+006 -2.622932e+005 3.357200e+005
-6.864462e+006 -2.669709e+005 3.417071e+005
-6.863978e+006 -2.716482e+005 3.476938e+005
-6.863486e+006 -2.763252e+005 3.536801e+005
-6.862985e+006 -2.810018e+005 3.596659e+005
-6.862475e+006 -2.856781e+005 3.656513e+005
-6.861957e+006 -2.903541e+005 3.716363e+005
-6.861431e+006 -2.950297e+005 3.776208e+005
-6.860897e+006 -2.997049e+005 3.836048e+005
-6.860354e+006 -3.043798e+005 3.895884e+005
-6.859802e+006 -3.090543e+005 3.955715e+005
-6.859242e+006 -3.137284e+005 4.015541e+005
-6.858674e+006 -3.184021e+005 4.075362e+005
-6.858098e+006 -3.230755e+005 4.135178e+005
-6.857513e+006 -3.277484e+005 4.194989e+005
-6.856919e+006 -3.324210e+005 4.254795e+005
-6.856317e+006 -3.370931e+005 4.314595e+005
-6.855707e+006 -3.417648e+005 4.374391e+005
-6.855089e+006 -3.464362e+005 4.434181e+005
-6.854462e+006 -3.511070e+005 4.493965e+005
-6.853826e+006 -3.557775e+005 4.553744e+005
-6.853183e+006 -3.604475e+005 4.613518e+005
-6.852530e+006 -3.651171e+005 4.673286e+005
-6.851870e+006 -3.697862e+005 4.733048e+005
-6.851201e+006 -3.744549e+005 4.792804e+005
-6.850523e+006 -3.791231e+005 4.852555e+005
-6.849838e+006 -3.837909e+005 4.912299e+005
-6.849144e+006 -3.884581e+005 4.972038e+005
-6.848441e+006 -3.931250e+005 5.031770e+005
-6.847730e+006 -3.977913e+005 5.091496e+005
-6.847011e+006 -4.024571e+005 5.151216e+005
-6.846283e+006 -4.071225e+005 5.210930e+005
-6.845547e+006 -4.117873e+005 5.270637e+005
-6.844803e+006 -4.164517e+005 5.330338e+005
-6.844050e+006 -4.211155e+005 5.390032e+005
-6.843288e+006 -4.257788e+005 5.449720e+005
-6.842519e+006 -4.304416e+005 5.509401e+005
-6.841741e+006 -4.351039e+005 5.569076e+005
-6.840954e+006 -4.397656e+005 5.628743e+005
-6.840160e+006 -4.444268e+005 5.688404e+005
-6.839357e+006 -4.490874e+005 5.748057e+005
-6.838545e+006 -4.537475e+005 5.807704e+005
-6.837725e+006 -4.584071e+005 5.867343e+005
-6.836897e+006 -4.630661e+005 5.926975e+005
-6.836060e+006 -4.677245e+005 5.986600e+005
-6.835215e+006 -4.723823e+005 6.046218e+005
-6.834362e+006 -4.770396e+005 6.105828e+005
-6.833500e+006 -4.816963e+005 6.165431e+005
-6.832630e+006 -4.863524e+005 6.225026e+005
-6.831751e+006 -4.910079e+005 6.284614e+005
-6.830864e+006 -4.956628e+005 6.344194e+005
-6.829969e+006 -5.003170e+005 6.403766e+005
-6.829066e+006 -5.049707e+005 6.463330e+005
-6.828154e+006 -5.096238e+005 6.522887e+005
-6.827233e+006 -5.142762e+005 6.582435e+005
-6.826305e+006 -5.189280e+005 6.641976e+005
-6.825367e+006 -5.235792e+005 6.701508e+005
-6.824422e+006 -5.282297e+005 6.761032e+005
-6.823468e+006 -5.328796e+005 6.820547e+005
-6.822506e+006 -5.375288e+005 6.880055e+005
-6.821536e+006 -5.421774e+005 6.939554e+005
-6.820557e+006 -5.468253e+005 6.999044e+005
-6.819570e+006 -5.514725e+005 7.058526e+005
-6.818574e+006 -5.561190e+005 7.117999e+005
-6.817570e+006 -5.607649e+005 7.177464e+005
-6.816558e+006 -5.654101e+005 7.236919e+005
-6.815537e+006 -5.700546e+005 7.296366e+005
-6.814508e+006 -5.746984e+005 7.355804e+005
-6.813471e+006 -5.793415e+005 7.415233e+005
-6.812425e+006 -5.839839e+005 7.474653e+005
-6.811371e+006 -5.886255e+005 7.534063e+005
-6.810309e+006 -5.932665e+005 7.593465e+005
-6.809238e+006 -5.979067e+005 7.652857e+005
-6.808159e+006 -6.025462e+005 7.712240e+005
-6.807072e+006 -6.071849e+005 7.771613e+005
-6.805976e+006 -6.118229e+005 7.830977e+005
-6.804872e+006 -6.164602e+005 7.890331e+005
-6.803760e+006 -6.210967e+005 7.949675e+005
-6.802639e+006 -6.257324e+005 8.009010e+005
-6.801510e+006 -6.303674e+005 8.068335e+005
-6.800372e+006 -6.350016e+005 8.127650e+005
-6.799227e+006 -6.396350e+005 8.186955e+005
-6.798073e+006 -6.442677e+005 8.246250e+005
-6.796910e+006 -6.488995e+005 8.305535e+005
-6.795740e+006 -6.535306e+005 8.364810e+005
-6.794561e+006 -6.581608e+005 8.424075e+005
-6.793373e+006 -6.627903e+005 8.483329e+005
-6.792177e+006 -6.674189e+005 8.542573e+005
-6.790974e+006 -6.720467e+005 8.601806e+005
-6.789761e+006 -6.766737e+005 8.661029e+005
-6.788541e+006 -6.812999e+005 8.720241e+005
-6.787312e+006 -6.859252e+005 8.779443e+005
-6.786074e+006 -6.905497e+005 8.838634e+005
-6.784829e+006 -6.951734e+005 8.897813e+005
-6.783575e+006 -6.997962e+005 8.956983e+005
-6.782313e+006 -7.044181e+005 9.016141e+005
-6.781042e+006 -7.090392e+005 9.075288e+005
-6.779763e+006 -7.136594e+005 9.134424e+005
-6.778476e+006 -7.182787e+005 9.193548e+005
-6.777181e+006 -7.228972e+005 9.252662e+005
-6.775877e+006 -7.275147e+005 9.311764e+005
-6.774565e+006 -7.321314e+005 9.370855e+005
-6.773245e+006 -7.367472e+005 9.429934e+005
-6.771916e+006 -7.413621e+005 9.489002e+005
-6.770579e+006 -7.459760e+005 9.548058e+005
-6.769234e+006 -7.505891e+005 9.607102e+005
-6.767881e+006 -7.552012e+005 9.666135e+005
-6.766519e+006 -7.598124e+005 9.725156e+005
-6.765149e+006 -7.644227e+005 9.784165e+005
-6.763770e+006 -7.690321e+005 9.843161e+005
-6.762384e+006 -7.736405e+005 9.902146e+005
-6.760989e+006 -7.782479e+005 9.961119e+005
-6.759586e+006 -7.828544e+005 1.002008e+006
-6.758174e+006 -7.874600e+005 1.007903e+006
-6.756754e+006 -7.920645e+005 1.013796e+006
-6.755326e+006 -7.966681e+005 1.019689e+006
-6.753890e+006 -8.012708e+005 1.025580e+006
-6.752445e+006 -8.058724e+005 1.031470e+006
-6.750993e+006 -8.104731e+005 1.037358e+006
-6.749531e+006 -8.150727e+005 1.043246e+006
-6.748062e+006 -8.196714e+005 1.049132e+006
-6.746584e+006 -8.242691e+005 1.055016e+006
-6.745098e+006 -8.288657e+005 1.060900e+006
-6.743604e+006 -8.334614e+005 1.066782e+006
-6.742102e+006 -8.380560e+005 1.072663e+006
-6.740591e+006 -8.426496e+005 1.078542e+006
-6.739072e+006 -8.472421e+005 1.084420e+006
-6.737545e+006 -8.518337e+005 1.090297e+006
-6.736009e+006 -8.564241e+005 1.096173e+006
-6.734466e+006 -8.610136e+005 1.102047e+006
-6.732914e+006 -8.656020e+005 1.107920e+006
-6.731353e+006 -8.701893e+005 1.113791e+006
-6.729785e+006 -8.747755e+005 1.119662e+006
-6.728208e+006 -8.793607e+005 1.125530e+006
-6.726623e+006 -8.839448e+005 1.131398e+006
-6.725030e+006 -8.885278e+005 1.137264e+006
-6.723429e+006 -8.931097e+005 1.143128e+006
-6.721819e+006 -8.976906e+005 1.148992e+006
-6.720201e+006 -9.022703e+005 1.154853e+006
-6.718575e+006 -9.068489e+005 1.160714e+006
-6.716940e+006 -9.114265e+005 1.166573e+006
-6.715298e+006 -9.160029e+005 1.172430e+006
-6.713647e+006 -9.205781e+005 1.178286e+006
-6.711988e+006 -9.251523e+005 1.184141e+006
-6.710321e+006 -9.297253e+005 1.189994e+006
-6.708645e+006 -9.342972e+005 1.195846e+006
-6.706961e+006 -9.388679e+005 1.201696e+006
-6.705270e+006 -9.434375e+005 1.207545e+006
-6.703569e+006 -9.480060e+005 1.213392e+006
-6.701861e+006 -9.525732e+005 1.219238e+006
-6.700144e+006 -9.571393e+005 1.225082e+006
-6.698420e+006 -9.617043e+005 1.230925e+006
-6.696687e+006 -9.662680e+005 1.236767e+006
-6.694946e+006 -9.708306e+005 1.242606e+006
-6.693196e+006 -9.753920e+005 1.248445e+006
-6.691439e+006 -9.799521e+005 1.254282e+006
-6.689673e+006 -9.845111e+005 1.260117e+006
-6.687899e+006 -9.890689e+005 1.265950e+006
-6.686117e+006 -9.936255e+005 1.271783e+006
-6.684326e+006 -9.981808e+005 1.277613e+006
-6.682528e+006 -1.002735e+006 1.283442e+006
-6.680721e+006 -1.007288e+006 1.289270e+006
-6.678906e+006 -1.011840e+006 1.295096e+006
-6.677083e+006 -1.016390e+006 1.300920e+006
-6.675252e+006 -1.020939e+006 1.306742e+006
-6.673412e+006 -1.025487e+006 1.312564e+006
-6.671565e+006 -1.030034e+006 1.318383e+006
-6.669709e+006 -1.034579e+006 1.324201e+006
-6.667845e+006 -1.039123e+006 1.330017e+006
-6.665973e+006 -1.043666e+006 1.335832e+006
-6.664092e+006 -1.048208e+006 1.341645e+006
-6.662204e+006 -1.052748e+006 1.347456e+006
-6.660307e+006 -1.057287e+006 1.353266e+006
-6.658403e+006 -1.061825e+006 1.359074e+006
-6.656490e+006 -1.066361e+006 1.364880e+006
-6.654569e+006 -1.070896e+006 1.370685e+006
-6.652639e+006 -1.075430e+006 1.376488e+006
-6.650702e+006 -1.079963e+006 1.382289e+006
-6.648756e+006 -1.084494e+006 1.388089e+006
-6.646803e+006 -1.089024e+006 1.393887e+006
-6.644841e+006 -1.093552e+006 1.399683e+006
-6.642871e+006 -1.098079e+006 1.405477e+006
-6.640893e+006 -1.102605e+006 1.411270e+006
-6.638907e+006 -1.107130e+006 1.417061e+006
-6.636912e+006 -1.111653e+006 1.422851e+006
-6.634910e+006 -1.116174e+006 1.428638e+006
-6.632899e+006 -1.120695e+006 1.434424e+006
-6.630880e+006 -1.125214e+006 1.440208e+006
-6.628853e+006 -1.129731e+006 1.445990e+006
-6.626818e+006 -1.134248e+006 1.451771e+006
-6.624775e+006 -1.138763e+006 1.457550e+006
-6.622724e+006 -1.143276e+006 1.463327e+006
-6.620665e+006 -1.147788e+006 1.469102e+006
-6.618597e+006 -1.152299e+006 1.474875e+006
-6.616522e+006 -1.156808e+006 1.480647e+006
-6.614438e+006 -1.161316e+006 1.486416e+006
-6.612346e+006 -1.165822e+006 1.492184e+006
-6.610246e+006 -1.170327e+006 1.497950e+006
-6.608138e+006 -1.174831e+006 1.503715e+006
-6.606022e+006 -1.179333e+006 1.509477e+006
-6.603898e+006 -1.183833e+006 1.515238e+006
-6.601766e+006 -1.188333e+006 1.520996e+006
-6.599626e+006 -1.192830e+006 1.526753e+006
-6.597477e+006 -1.197327e+006 1.532508e+006
-6.595321e+006 -1.201822e+006 1.538261e+006
-6.593156e+006 -1.206315e+006 1.544013e+006
-6.590983e+006 -1.210807e+006 1.549762e+006
-6.588803e+006 -1.215297e+006 1.555509e+006
-6.586614e+006 -1.219786e+006 1.561255e+006
-6.584417e+006 -1.224273e+006 1.566999e+006
-6.582212e+006 -1.228759e+006 1.572740e+006
-6.579999e+006 -1.233244e+006 1.578480e+006
-6.577778e+006 -1.237727e+006 1.584218e+006
-6.575549e+006 -1.242208e+006 1.589954e+006
-6.573312e+006 -1.246688e+006 1.595688e+006
-6.571067e+006 -1.251166e+006 1.601420e+006
-6.568813e+006 -1.255643e+006 1.607150e+006
-6.566552e+006 -1.260118e+006 1.612878e+006
-6.564283e+006 -1.264592e+006 1.618604e+006
-6.562005e+006 -1.269064e+006 1.624328e+006
-6.559720e+006 -1.273535e+006 1.630050e+006
-6.557426e+006 -1.278004e+006 1.635770e+006
-6.555125e+006 -1.282471e+006 1.641488e+006
-6.552815e+006 -1.286937e+006 1.647205e+006
-6.550498e+006 -1.291402e+006 1.652919e+006
-6.548172e+006 -1.295864e+006 1.658631e+006
-6.545839e+006 -1.300325e+006 1.664341e+006
-6.543497e+006 -1.304785e+006 1.670049e+006
-6.541147e+006 -1.309243e+006 1.675755e+006
-6.538790e+006 -1.313699e+006 1.681459e+006
-6.536424e+006 -1.318154e+006 1.687160e+006
-6.534050e+006 -1.322607e+006 1.692860e+006
-6.531669e+006 -1.327059e+006 1.698558e+006
-6.529279e+006 -1.331509e+006 1.704253e+006
-6.526881e+006 -1.335957e+006 1.709947e+006
-6.524476e+006 -1.340404e+006 1.715638e+006
-6.522062e+006 -1.344849e+006 1.721328e+006
-6.519640e+006 -1.349292e+006 1.727015e+006
-6.517211e+006 -1.353734e+006 1.732700e+006
-6.514773e+006 -1.358174e+006 1.738383e+006
-6.512327e+006 -1.362612e+006 1.744064e+006
-6.509874e+006 -1.367049e+006 1.749743e+006
-6.507412e+006 -1.371484e+006 1.755419e+006
-6.504943e+006 -1.375917e+006 1.761094e+006
-6.502465e+006 -1.380349e+006 1.766766e+006
-6.499980e+006 -1.384779e+006 1.772436e+006
-6.497486e+006 -1.389207e+006 1.778104e+006
-6.494985e+006 -1.393634e+006 1.783770e+006
-6.492476e+006 -1.398059e+006 1.789433e+006
-6.489958e+006 -1.402482e+006 1.795095e+006
-6.487433e+006 -1.406903e+006 1.800754e+006
-6.484900e+006 -1.411323e+006 1.806411e+006
-6.482359e+006 -1.415741e+006 1.812066e+006
-6.479810e+006 -1.420157e+006 1.817718e+006
-6.477253e+006 -1.424572e+006 1.823368e+006
-6.474688e+006 -1.428984e+006 1.829017e+006
-6.472115e+006 -1.433395e+006 1.834662e+006
-6.469534e+006 -1.437805e+006 1.840306e+006
-6.466945e+006 -1.442212e+006 1.845947e+006
-6.464349e+006 -1.446618e+006 1.851586e+006
-6.461744e+006 -1.451022e+006 1.857223e+006
-6.459132e+006 -1.455424e+006 1.862858e+006
-6.456511e+006 -1.459824e+006 1.868490e+006
-6.453883e+006 -1.464223e+006 1.874120e+006
-6.451247e+006 -1.468620e+006 1.879748e+006
-6.448603e+006 -1.473015e+006 1.885373e+006
-6.445951e+006 -1.477408e+006 1.890996e+006
-6.443291e+006 -1.481799e+006 1.896617e+006
-6.440623e+006 -1.486189e+006 1.902235e+006
-6.437947e+006 -1.490577e+006 1.907851e+006
-6.435264e+006 -1.494963e+006 1.913465e+006
-6.432572e+006 -1.499347e+006 1.919076e+006
-6.429873e+006 -1.503729e+006 1.924685e+006
-6.427166e+006 -1.508110e+006 1.930292e+006
-6.424450e+006 -1.512488e+006 1.935897e+006
-6.421727e+006 -1.516865e+006 1.941498e+006
-6.418997e+006 -1.521240e+006 1.947098e+006
-6.416258e+006 -1.525613e+006 1.952695e+006
-6.413511e+006 -1.529984e+006 1.958290e+006
-6.410757e+006 -1.534353e+006 1.963882e+006
-6.407995e+006 -1.538721e+006 1.969472e+006
-6.405225e+006 -1.543086e+006 1.975060e+006
-6.402447e+006 -1.547450e+006 1.980645e+006
-6.399661e+006 -1.551811e+006 1.986228e+006
-6.396867e+006 -1.556171e+006 1.991808e+006
-6.394066e+006 -1.560529e+006 1.997386e+006
-6.391256e+006 -1.564885e+006 2.002962e+006
-6.388439e+006 -1.569239e+006 2.008535e+006
-6.385614e+006 -1.573591e+006 2.014105e+006
-6.382782e+006 -1.577942e+006 2.019673e+006
-6.379941e+006 -1.582290e+006 2.025239e+006
-6.377092e+006 -1.586636e+006 2.030802e+006
-6.374236e+006 -1.590981e+006 2.036362e+006
-6.371372e+006 -1.595323e+006 2.041920e+006
-6.368500e+006 -1.599664e+006 2.047476e+006
-6.365621e+006 -1.604002e+006 2.053029e+006
-6.362733e+006 -1.608339e+006 2.058580e+006
-6.359838e+006 -1.612673e+006 2.064128e+006
-6.356935e+006 -1.617006e+006 2.069673e+006
-6.354024e+006 -1.621337e+006 2.075216e+006
-6.351106e+006 -1.625665e+006 2.080757e+006
-6.348179e+006 -1.629992e+006 2.086295e+006
-6.345245e+006 -1.634317e+006 2.091830e+006
-6.342303e+006 -1.638639e+006 2.097363e+006
-6.339353e+006 -1.642960e+006 2.102893e+006
-6.336396e+006 -1.647279e+006 2.108421e+006
-6.333431e+006 -1.651595e+006 2.113946e+006
-6.330458e+006 -1.655910e+006 2.119468e+006
-6.327477e+006 -1.660223e+006 2.124988e+006
-6.324489e+006 -1.664533e+006 2.130505e+006
-6.321492e+006 -1.668842e+006 2.136020e+006
-6.318488e+006 -1.673148e+006 2.141532e+006
-6.315477e+006 -1.677453e+006 2.147041e+006
-6.312457e+006 -1.681755e+006 2.152548e+006
-6.309430e+006 -1.686055e+006 2.158052e+006
-6.306395e+006 -1.690354e+006 2.163554e+006
-6.303352e+006 -1.694650e+006 2.169053e+006
-6.300302e+006 -1.698944e+006 2.174549e+006
-6.297244e+006 -1.703236e+006 2.180042e+006
-6.294178e+006 -1.707526e+006 2.185533e+006
-6.291105e+006 -1.711814e+006 2.191021e+006
-6.288023e+006 -1.716099e+006 2.196507e+006
-6.284935e+006 -1.720383e+006 2.201990e+006
-6.281838e+006 -1.724665e+006 2.207470e+006
-6.278734e+006 -1.728944e+006 2.212947e+006
-6.275622e+006 -1.733221e+006 2.218422e+006
-6.272502e+006 -1.737496e+006 2.223894e+006
-6.269375e+006 -1.741769e+006 2.229363e+006
-6.266239e+006 -1.746040e+006 2.234830e+006
-6.263097e+006 -1.750309e+006 2.240294e+006
-6.259946e+006 -1.754576e+006 2.245755e+006
-6.256788e+006 -1.758840e+006 2.251213e+006
-6.253623e+006 -1.763103e+006 2.256668e+006
-6.250449e+006 -1.767363e+006 2.262121e+006
-6.247268e+006 -1.771621e+006 2.267571e+006
-6.244079e+006 -1.775877e+006 2.273018e+006
-6.240883e+006 -1.780130e+006 2.278463e+006
-6.237679e+006 -1.784382e+006 2.283905e+006
-6.234467e+006 -1.788631e+006 2.289343e+006
-6.231248e+006 -1.792878e+006 2.294779e+006
-6.228021e+006 -1.797123e+006 2.300213e+006
-6.224787e+006 -1.801366e+006 2.305643e+006
-6.221545e+006 -1.805606e+006 2.311071e+006
-6.218295e+006 -1.809845e+006 2.316495e+006
-6.215037e+006 -1.814081e+006 2.321917e+006
-6.211772e+006 -1.818315e+006 2.327336e+006
-6.208500e+006 -1.822546e+006 2.332753e+006
-6.205220e+006 -1.826776e+006 2.338166e+006
-6.201932e+006 -1.831003e+006 2.343577e+006
-6.198636e+006 -1.835228e+006 2.348984e+006
-6.195333e+006 -1.839450e+006 2.354389e+006
-6.192023e+006 -1.843671e+006 2.359791e+006
-6.188704e+006 -1.847889e+006 2.365190e+006
-6.185379e+006 -1.852105e+006 2.370586e+006
-6.182045e+006 -1.856318e+006 2.375979e+006
-6.178704e+006 -1.860530e+006 2.381369e+006
-6.175356e+006 -1.864739e+006 2.386757e+006
-6.172000e+006 -1.868946e+006 2.392141e+006
-6.168636e+006 -1.873150e+006 2.397523e+006
-6.165265e+006 -1.877352e+006 2.402901e+006
-6.161886e+006 -1.881552e+006 2.408277e+006
-6.158500e+006 -1.885750e+006 2.413650e+006
-6.155106e+006 -1.889945e+006 2.419019e+006
-6.151705e+006 -1.894138e+006 2.424386e+006
-6.148296e+006 -1.898329e+006 2.429750e+006
-6.144880e+006 -1.902517e+006 2.435111e+006
-6.141456e+006 -1.906703e+006 2.440468e+006
-6.138024e+006 -1.910887e+006 2.445823e+006
-6.134585e+006 -1.915068e+006 2.451175e+006
-6.131139e+006 -1.919247e+006 2.456524e+006
-6.127685e+006 -1.923423e+006 2.461870e+006
-6.124223e+006 -1.927598e+006 2.467213e+006
-6.120754e+006 -1.931770e+006 2.472552e+006
-6.117277e+006 -1.935939e+006 2.477889e+006
-6.113793e+006 -1.940106e+006 2.483223e+006
-6.110302e+006 -1.944271e+006 2.488554e+006
-6.106803e+006 -1.948434e+006 2.493881e+006
-6.103296e+006 -1.952594e+006 2.499206e+006
-6.099783e+006 -1.956751e+006 2.504527e+006
-6.096261e+006 -1.960906e+006 2.509846e+006
-6.092732e+006 -1.965059e+006 2.515161e+006
-6.089196e+006 -1.969210e+006 2.520473e+006
-6.085652e+006 -1.973358e+006 2.525783e+006
-6.082101e+006 -1.977503e+006 2.531089e+006
-6.078542e+006 -1.981646e+006 2.536392e+006
-6.074976e+006 -1.985787e+006 2.541692e+006
-6.071402e+006 -1.989925e+006 2.546988e+006
-6.067821e+006 -1.994061e+006 2.552282e+006
-6.064233e+006 -1.998195e+006 2.557573e+006
-6.060637e+006 -2.002326e+006 2.562860e+006
-6.057034e+006 -2.006454e+006 2.568144e+006
-6.053423e+006 -2.010580e+006 2.573425e+006
-6.049805e+006 -2.014704e+006 2.578703e+006
-6.046179e+006 -2.018825e+006 2.583978e+006
-6.042546e+006 -2.022944e+006 2.589250e+006
-6.038906e+006 -2.027060e+006 2.594518e+006
-6.035258e+006 -2.031174e+006 2.599784e+006
-6.031603e+006 -2.035285e+006 2.605046e+006
-6.027940e+006 -2.039394e+006 2.610305e+006
-6.024270e+006 -2.043500e+006 2.615560e+006
-6.020593e+006 -2.047603e+006 2.620813e+006
-6.016908e+006 -2.051705e+006 2.626062e+006
-6.013216e+006 -2.055803e+006 2.631308e+006
-6.009517e+006 -2.059900e+006 2.636551e+006
-6.005810e+006 -2.063993e+006 2.641791e+006
-6.002096e+006 -2.068084e+006 2.647027e+006
-5.998374e+006 -2.072173e+006 2.652260e+006
-5.994645e+006 -2.076259e+006 2.657490e+006
-5.990909e+006 -2.080343e+006 2.662717e+006
-5.987166e+006 -2.084423e+006 2.667940e+006
-5.983415e+006 -2.088502e+006 2.673161e+006
-5.979656e+006 -2.092578e+006 2.678377e+006
-5.975891e+006 -2.096651e+006 2.683591e+006
-5.972118e+006 -2.100722e+006 2.688801e+006
-5.968338e+006 -2.104790e+006 2.694008e+006
-5.964550e+006 -2.108855e+006 2.699212e+006
-5.960756e+006 -2.112918e+006 2.704412e+006
-5.956954e+006 -2.116979e+006 2.709609e+006
-5.953144e+006 -2.121037e+006 2.714803e+006
-5.949328e+006 -2.125092e+006 2.719994e+006
-5.945504e+006 -2.129144e+006 2.725181e+006
-5.941672e+006 -2.133194e+006 2.730364e+006
-5.937834e+006 -2.137242e+006 2.735545e+006
-5.933988e+006 -2.141287e+006 2.740722e+006
-5.930135e+006 -2.145329e+006 2.745896e+006
-5.926275e+006 -2.149368e+006 2.751066e+006
-5.922407e+006 -2.153405e+006 2.756233e+006
-5.918532e+006 -2.157439e+006 2.761396e+006
-5.914650e+006 -2.161471e+006 2.766557e+006
-5.910761e+006 -2.165500e+006 2.771714e+006
-5.906864e+006 -2.169526e+006 2.776867e+006
-5.902960e+006 -2.173550e+006 2.782017e+006
-5.899049e+006 -2.177571e+006 2.787164e+006
-5.895131e+006 -2.181589e+006 2.792307e+006
-5.891206e+006 -2.185605e+006 2.797447e+006
-5.887273e+006 -2.189618e+006 2.802583e+006
-5.883333e+006 -2.193628e+006 2.807716e+006
-5.879386e+006 -2.197636e+006 2.812845e+006
-5.875431e+006 -2.201641e+006 2.817971e+006
-5.871470e+006 -2.205643e+006 2.823094e+006
-5.867501e+006 -2.209642e+006 2.828213e+006
-5.863525e+006 -2.213639e+006 2.833329e+006
-5.859542e+006 -2.217633e+006 2.838441e+006
-5.855552e+006 -2.221624e+006 2.843550e+006
-5.851554e+006 -2.225613e+006 2.848655e+006
-5.847550e+006 -2.229599e+006 2.853757e+006
-5.843538e+006 -2.233582e+006 2.858855e+006
-5.839519e+006 -2.237563e+006 2.863950e+006
-5.835493e+006 -2.241540e+006 2.869041e+006
-5.831460e+006 -2.245515e+006 2.874129e+006
-5.827419e+006 -2.249488e+006 2.879213e+006
-5.823372e+006 -2.253457e+006 2.884293e+006
-5.819317e+006 -2.257424e+006 2.889371e+006
-5.815256e+006 -2.261388e+006 2.894444e+006
-5.811187e+006 -2.265349e+006 2.899514e+006
-5.807111e+006 -2.269307e+006 2.904581e+006
-5.803027e+006 -2.273263e+006 2.909644e+006
-5.798937e+006 -2.277216e+006 2.914703e+006
-5.794840e+006 -2.281166e+006 2.919759e+006
-5.790735e+006 -2.285113e+006 2.924811e+006
-5.786624e+006 -2.289057e+006 2.929860e+006
-5.782505e+006 -2.292999e+006 2.934905e+006
-5.778380e+006 -2.296938e+006 2.939946e+006
-5.774247e+006 -2.300874e+006 2.944984e+006
-5.770107e+006 -2.304807e+006 2.950018e+006
-5.765960e+006 -2.308737e+006 2.955049e+006
-5.761806e+006 -2.312665e+006 2.960076e+006
-5.757645e+006 -2.316590e+006 2.965100e+006
-5.753477e+006 -2.320512e+006 2.970119e+006
-5.749302e+006 -2.324431e+006 2.975135e+006
-5.745120e+006 -2.328347e+006 2.980148e+006
-5.740930e+006 -2.332260e+006 2.985157e+006
-5.736734e+006 -2.336171e+006 2.990162e+006
-5.732531e+006 -2.340078e+006 2.995163e+006
-5.728320e+006 -2.343983e+006 3.000161e+006
-5.724103e+006 -2.347885e+006 3.005156e+006
-5.719879e+006 -2.351784e+006 3.010146e+006
-5.715647e+006 -2.355680e+006 3.015133e+006
-5.711409e+006 -2.359573e+006 3.020116e+006
-5.707164e+006 -2.363463e+006 3.025095e+006
-5.702911e+006 -2.367351e+006 3.030071e+006
-5.698652e+006 -2.371235e+006 3.035043e+006
-5.694386e+006 -2.375117e+006 3.040011e+006
-5.690112e+006 -2.378996e+006 3.044976e+006
-5.685832e+006 -2.382872e+006 3.049937e+006
-5.681545e+006 -2.386745e+006 3.054894e+006
-5.677251e+006 -2.390615e+006 3.059847e+006
-5.672950e+006 -2.394482e+006 3.064797e+006
-5.668642e+006 -2.398346e+006 3.069743e+006
-5.664327e+006 -2.402207e+006 3.074685e+006
-5.660005e+006 -2.406065e+006 3.079623e+006
-5.655676e+006 -2.409920e+006 3.084557e+006
-5.651340e+006 -2.413773e+006 3.089488e+006
-5.646997e+006 -2.417622e+006 3.094415e+006
-5.642647e+006 -2.421469e+006 3.099338e+006
-5.638291e+006 -2.425312e+006 3.104258e+006
-5.633927e+006 -2.429152e+006 3.109173e+006
-5.629557e+006 -2.432990e+006 3.114085e+006
-5.625180e+006 -2.436824e+006 3.118993e+006
-5.620796e+006 -2.440656e+006 3.123897e+006
-5.616405e+006 -2.444485e+006 3.128798e+006
-5.612007e+006 -2.448310e+006 3.133694e+006
-5.607602e+006 -2.452133e+006 3.138587e+006
-5.603190e+006 -2.455952e+006 3.143475e+006
-5.598772e+006 -2.459769e+006 3.148360e+006
-5.594346e+006 -2.463582e+006 3.153242e+006
-5.589914e+006 -2.467393e+006 3.158119e+006
-5.585475e+006 -2.471200e+006 3.162992e+006
-5.581029e+006 -2.475005e+006 3.167862e+006
-5.576576e+006 -2.478806e+006 3.172727e+006
-5.572116e+006 -2.482605e+006 3.177589e+006
-5.567650e+006 -2.486400e+006 3.182447e+006
-5.563177e+006 -2.490192e+006 3.187301e+006
-5.558697e+006 -2.493981e+006 3.192151e+006
-5.554210e+006 -2.497768e+006 3.196997e+006
-5.549716e+006 -2.501551e+006 3.201839e+006
-5.545216e+006 -2.505331e+006 3.206677e+006
-5.540708e+006 -2.509108e+006 3.211512e+006
-5.536194e+006 -2.512882e+006 3.216342e+006
-5.531673e+006 -2.516653e+006 3.221169e+006
-5.527146e+006 -2.520420e+006 3.225991e+006
-5.522611e+006 -2.524185e+006 3.230810e+006
-5.518070e+006 -2.527947e+006 3.235624e+006
-5.513522e+006 -2.531705e+006 3.240435e+006
-5.508968e+006 -2.535461e+006 3.245242e+006
-5.504406e+006 -2.539213e+006 3.250044e+006
-5.499838e+006 -2.542962e+006 3.254843e+006
-5.495263e+006 -2.546708e+006 3.259638e+006
-5.490682e+006 -2.550451e+006 3.264429e+006
-5.486093e+006 -2.554191e+006 3.269215e+006
-5.481498e+006 -2.557928e+006 3.273998e+006
-5.476896e+006 -2.561661e+006 3.278777e+006
-5.472288e+006 -2.565392e+006 3.283551e+006
-5.467673e+006 -2.569119e+006 3.288322e+006
-5.463051e+006 -2.572843e+006 3.293089e+006
-5.458422e+006 -2.576564e+006 3.297851e+006
-5.453787e+006 -2.580282e+006 3.302610e+006
-5.449145e+006 -2.583996e+006 3.307365e+006
-5.444496e+006 -2.587708e+006 3.312115e+006
-5.439841e+006 -2.591416e+006 3.316862e+006
-5.435179e+006 -2.595121e+006 3.321604e+006
-5.430510e+006 -2.598823e+006 3.326342e+006
-5.425835e+006 -2.602522e+006 3.331076e+006
-5.421153e+006 -2.606218e+006 3.335807e+006
-5.416465e+006 -2.609910e+006 3.340533e+006
-5.411769e+006 -2.613599e+006 3.345255e+006
-5.407068e+006 -2.617285e+006 3.349973e+006
-5.402359e+006 -2.620968e+006 3.354686e+006
-5.397644e+006 -2.624648e+006 3.359396e+006
-5.392922e+006 -2.628324e+006 3.364102e+006
-5.388194e+006 -2.631997e+006 3.368803e+006
-5.383459e+006 -2.635667e+006 3.373500e+006
-5.378718e+006 -2.639334e+006 3.378193e+006
-5.373970e+006 -2.642997e+006 3.382882e+006
-5.369215e+006 -2.646658e+006 3.387567e+006
-5.364454e+006 -2.650315e+006 3.392248e+006
-5.359686e+006 -2.653968e+006 3.396925e+006
-5.354912e+006 -2.657619e+006 3.401597e+006
-5.350131e+006 -2.661266e+006 3.406265e+006
-5.345343e+006 -2.664910e+006 3.410929e+006
-5.340549e+006 -2.668551e+006 3.415589e+006
-5.335749e+006 -2.672188e+006 3.420245e+006
-5.330941e+006 -2.675822e+006 3.424897e+006
-5.326128e+006 -2.679453e+006 3.429544e+006
-5.321308e+006 -2.683081e+006 3.434187e+006
-5.316481e+006 -2.686705e+006 3.438826e+006
-5.311648e+006 -2.690326e+006 3.443461e+006
-5.306808e+006 -2.693944e+006 3.448091e+006
-5.301962e+006 -2.697559e+006 3.452717e+006
-5.297109e+006 -2.701170e+006 3.457339e+006
-5.292250e+006 -2.704777e+006 3.461957e+006
-5.287384e+006 -2.708382e+006 3.466571e+006
-5.282512e+006 -2.711983e+006 3.471180e+006
-5.277633e+006 -2.715581e+006 3.475785e+006
-5.272748e+006 -2.719176e+006 3.480386e+006
-5.267857e+006 -2.722767e+006 3.484983e+006
-5.262959e+006 -2.726355e+006 3.489575e+006
-5.258054e+006 -2.729939e+006 3.494163e+006
-5.253144e+006 -2.733520e+006 3.498747e+006
-5.248226e+006 -2.737098e+006 3.503326e+006
-5.243302e+006 -2.740673e+006 3.507901e+006
-5.238372e+006 -2.744244e+006 3.512472e+006
-5.233436e+006 -2.747812e+006 3.517039e+006
-5.228493e+006 -2.751376e+006 3.521601e+006
-5.223543e+006 -2.754937e+006 3.526159e+006
-5.218588e+006 -2.758495e+006 3.530712e+006
-5.213625e+006 -2.762049e+006 3.535262e+006
-5.208657e+006 -2.765600e+006 3.539807e+006
-5.203682e+006 -2.769147e+006 3.544347e+006
-5.198700e+006 -2.772692e+006 3.548883e+006
-5.193713e+006 -2.776232e+006 3.553415e+006
-5.188719e+006 -2.779770e+006 3.557943e+006
-5.183718e+006 -2.783304e+006 3.562466e+006
-5.178711e+006 -2.786834e+006 3.566985e+006
-5.173698e+006 -2.790361e+006 3.571499e+006
-5.168679e+006 -2.793885e+006 3.576010e+006
-5.163653e+006 -2.797405e+006 3.580515e+006
-5.158621e+006 -2.800922e+006 3.585017e+006
-5.153583e+006 -2.804435e+006 3.589514e+006
-5.148538e+006 -2.807945e+006 3.594006e+006
-5.143487e+006 -2.811452e+006 3.598494e+006
-5.138429e+006 -2.814955e+006 3.602978e+006
-5.133366e+006 -2.818455e+006 3.607457e+006
-5.128296e+006 -2.821951e+006 3.611932e+006
-5.123220e+006 -2.825443e+006 3.616403e+006
-5.118137e+006 -2.828933e+006 3.620869e+006
-5.113048e+006 -2.832419e+006 3.625330e+006
-5.107953e+006 -2.835901e+006 3.629788e+006
-5.102852e+006 -2.839380e+006 3.634240e+006
-5.097745e+006 -2.842855e+006 3.638689e+006
-5.092631e+006 -2.846327e+006 3.643132e+006
-5.087511e+006 -2.849795e+006 3.647572e+006
-5.082385e+006 -2.853260e+006 3.652007e+006
-5.077252e+006 -2.856722e+006 3.656437e+006
-5.072113e+006 -2.860180e+006 3.660863e+006
-5.066968e+006 -2.863634e+006 3.665284e+006
-5.061817e+006 -2.867085e+006 3.669701e+006
-5.056660e+006 -2.870532e+006 3.674114e+006
-5.051497e+006 -2.873976e+006 3.678522e+006
-5.046327e+006 -2.877417e+006 3.682925e+006
-5.041151e+006 -2.880853e+006 3.687324e+006
-5.035969e+006 -2.884287e+006 3.691719e+006
-5.030781e+006 -2.887716e+006 3.696109e+006
-5.025586e+006 -2.891143e+006 3.700494e+006
-5.020386e+006 -2.894565e+006 3.704875e+006
-5.015179e+006 -2.897985e+006 3.709251e+006
-5.009966e+006 -2.901400e+006 3.713623e+006
-5.004747e+006 -2.904812e+006 3.717990e+006
-4.999522e+006 -2.908221e+006 3.722353e+006
-4.994291e+006 -2.911626e+006 3.726711e+006
-4.989054e+006 -2.915027e+006 3.731064e+006
-4.983810e+006 -2.918425e+006 3.735413e+006
-4.978561e+006 -2.921819e+006 3.739758e+006
-4.973305e+006 -2.925210e+006 3.744097e+006
-4.968043e+006 -2.928597e+006 3.748433e+006
-4.962775e+006 -2.931980e+006 3.752763e+006
-4.957501e+006 -2.935360e+006 3.757089e+006
-4.952221e+006 -2.938736e+006 3.761411e+006
-4.946935e+006 -2.942109e+006 3.765728e+006
-4.941643e+006 -2.945478e+006 3.770040e+006
-4.936345e+006 -2.948843e+006 3.774347e+006
-4.931041e+006 -2.952205e+006 3.778650e+006
-4.925731e+006 -2.955563e+006 3.782949e+006
-4.920414e+006 -2.958918e+006 3.787242e+006
-4.915092e+006 -2.962269e+006 3.791532e+006
-4.909764e+006 -2.965616e+006 3.795816e+006
-4.904429e+006 -2.968960e+006 3.800096e+006
-4.899089e+006 -2.972300e+006 3.804371e+006
-4.893743e+006 -2.975637e+006 3.808641e+006
-4.888390e+006 -2.978969e+006 3.812907e+006
-4.883032e+006 -2.982299e+006 3.817168e+006
-4.877668e+006 -2.985624e+006 3.821425e+006
-4.872297e+006 -2.988946e+006 3.825676e+006
-4.866921e+006 -2.992264e+006 3.829923e+006
-4.861539e+006 -2.995579e+006 3.834166e+006
-4.856151e+006 -2.998890e+006 3.838404e+006
-4.850756e+006 -3.002197e+006 3.842637e+006
-4.845356e+006 -3.005500e+006 3.846865e+006
-4.839950e+006 -3.008800e+006 3.851088e+006
-4.834538e+006 -3.012096e+006 3.855307e+006
-4.829121e+006 -3.015389e+006 3.859521e+006
-4.823697e+006 -3.018677e+006 3.863731e+006
-4.818267e+006 -3.021962e+006 3.867935e+006
-4.812831e+006 -3.025244e+006 3.872135e+006
-4.807390e+006 -3.028521e+006 3.876331e+006
-4.801943e+006 -3.031795e+006 3.880521e+006
-4.796489e+006 -3.035065e+006 3.884707e+006
-4.791030e+006 -3.038332e+006 3.888888e+006
-4.785565e+006 -3.041595e+006 3.893064e+006
-4.780094e+006 -3.044854e+006 3.897235e+006
-4.774618e+006 -3.048109e+006 3.901402e+006
-4.769135e+006 -3.051361e+006 3.905564e+006
-4.763647e+006 -3.054609e+006 3.909721e+006
-4.758152e+006 -3.057853e+006 3.913873e+006
-4.752652e+006 -3.061093e+006 3.918020e+006
-4.747146e+006 -3.064330e+006 3.922163e+006
-4.741635e+006 -3.067562e+006 3.926301e+006
-4.736117e+006 -3.070792e+006 3.930434e+006
-4.730594e+006 -3.074017e+006 3.934562e+006
-4.725065e+006 -3.077238e+006 3.938686e+006
-4.719530e+006 -3.080456e+006 3.942804e+006
-4.713989e+006 -3.083670e+006 3.946918e+006
-4.708443e+006 -3.086881e+006 3.951027e+006
-4.702891e+006 -3.090087e+006 3.955131e+006
-4.697333e+006 -3.093290e+006 3.959230e+006
-4.691769e+006 -3.096489e+006 3.963325e+006
-4.686199e+006 -3.099684e+006 3.967414e+006
-4.680624e+006 -3.102875e+006 3.971499e+006
-4.675043e+006 -3.106063e+006 3.975579e+006
-4.669456e+006 -3.109246e+006 3.979654e+006
-4.663864e+006 -3.112426e+006 3.983724e+006
-4.658266e+006 -3.115602e+006 3.987789e+006
-4.652662e+006 -3.118774e+006 3.991849e+006
-4.647053e+006 -3.121943e+006 3.995905e+006
-4.641437e+006 -3.125107e+006 3.999955e+006
-4.635816e+006 -3.128268e+006 4.004001e+006
-4.630190e+006 -3.131425e+006 4.008042e+006
-4.624558e+006 -3.134578e+006 4.012077e+006
-4.618920e+006 -3.137728e+006 4.016108e+006
-4.613276e+006 -3.140873e+006 4.020134e+006
-4.607627e+006 -3.144015e+006 4.024155e+006
-4.601972e+006 -3.147152e+006 4.028171e+006
-4.596311e+006 -3.150286e+006 4.032183e+006
-4.590645e+006 -3.153416e+006 4.036189e+006
-4.584974e+006 -3.156542e+006 4.040190e+006
-4.579296e+006 -3.159665e+006 4.044186e+006
-4.573613e+006 -3.162783e+006 4.048178e+006
-4.567925e+006 -3.165898e+006 4.052164e+006
-4.562230e+006 -3.169008e+006 4.056146e+006
-4.556531e+006 -3.172115e+006 4.060122e+006
-4.550825e+006 -3.175218e+006 4.064094e+006
-4.545114e+006 -3.178317e+006 4.068060e+006
-4.539398e+006 -3.181412e+006 4.072022e+006
-4.533676e+006 -3.184503e+006 4.075979e+006
-4.527948e+006 -3.187591e+006 4.079930e+006
-4.522215e+006 -3.190674e+006 4.083877e+006
-4.516476e+006 -3.193754e+006 4.087818e+006
-4.510732e+006 -3.196829e+006 4.091755e+006
-4.504982e+006 -3.199901e+006 4.095686e+006
-4.499227e+006 -3.202969e+006 4.099613e+006
-4.493466e+006 -3.206033e+006 4.103535e+006
-4.487700e+006 -3.209092e+006 4.107451e+006
-4.481928e+006 -3.212148e+006 4.111363e+006
-4.476151e+006 -3.215200e+006 4.115269e+006
-4.470368e+006 -3.218249e+006 4.119170e+006
-4.464580e+006 -3.221293e+006 4.123067e+006
-4.458786e+006 -3.224333e+006 4.126958e+006
-4.452987e+006 -3.227369e+006 4.130844e+006
-4.447182e+006 -3.230402e+006 4.134725e+006
-4.441372e+006 -3.233430e+006 4.138602e+006
-4.435557e+006 -3.236454e+006 4.142473e+006
-4.429736e+006 -3.239475e+006 4.146339e+006
-4.423909e+006 -3.242491e+006 4.150199e+006
-4.418078e+006 -3.245504e+006 4.154055e+006
-4.412240e+006 -3.248512e+006 4.157906e+006
-4.406398e+006 -3.251517e+006 4.161752e+006
-4.400550e+006 -3.254517e+006 4.165592e+006
-4.394696e+006 -3.257514e+006 4.169428e+006
-4.388837e+006 -3.260506e+006 4.173258e+006
-4.382973e+006 -3.263495e+006 4.177083e+006
-4.377104e+006 -3.266480e+006 4.180903e+006
-4.371229e+006 -3.269460e+006 4.184718e+006
-4.365349e+006 -3.272437e+006 4.188528e+006
-4.359463e+006 -3.275409e+006 4.192333e+006
-4.353572e+006 -3.278378e+006 4.196132e+006
-4.347676e+006 -3.281342e+006 4.199927e+006
-4.341774e+006 -3.284303e+006 4.203716e+006
-4.335867e+006 -3.287259e+006 4.207500e+006
-4.329955e+006 -3.290212e+006 4.211279e+006
-4.324038e+006 -3.293160e+006 4.215053e+006
-4.318115e+006 -3.296105e+006 4.218822e+006
-4.312187e+006 -3.299045e+006 4.222585e+006
-4.306253e+006 -3.301981e+006 4.226344e+006
-4.300315e+006 -3.304914e+006 4.230097e+006
-4.294371e+006 -3.307842e+006 4.233845e+006
-4.288421e+006 -3.310766e+006 4.237587e+006
-4.282467e+006 -3.313686e+006 4.241325e+006
-4.276507e+006 -3.316602e+006 4.245057e+006
-4.270542e+006 -3.319514e+006 4.248785e+006
-4.264572e+006 -3.322422e+006 4.252507e+006
-4.258597e+006 -3.325326e+006 4.256223e+006
-4.252616e+006 -3.328226e+006 4.259935e+006
-4.246630e+006 -3.331122e+006 4.263641e+006
-4.240639e+006 -3.334013e+006 4.267342e+006
-4.234643e+006 -3.336901e+006 4.271038e+006
-4.228642e+006 -3.339784e+006 4.274729e+006
-4.222635e+006 -3.342664e+006 4.278414e+006
-4.216623e+006 -3.345539e+006 4.282095e+006
-4.210606e+006 -3.348410e+006 4.285770e+006
-4.204584e+006 -3.351277e+006 4.289439e+006
-4.198557e+006 -3.354140e+006 4.293104e+006
-4.192525e+006 -3.356999e+006 4.296763e+006
-4.186487e+006 -3.359854e+006 4.300417e+006
-4.180445e+006 -3.362704e+006 4.304065e+006
-4.174397e+006 -3.365551e+006 4.307709e+006
-4.168344e+006 -3.368393e+006 4.311347e+006
-4.162286e+006 -3.371232e+006 4.314980e+006
-4.156223e+006 -3.374066e+006 4.318607e+006
-4.150155e+006 -3.376896e+006 4.322230e+006
-4.144082e+006 -3.379722e+006 4.325847e+006
-4.138003e+006 -3.382543e+006 4.329458e+006
-4.131920e+006 -3.385361e+006 4.333065e+006
-4.125831e+006 -3.388174e+006 4.336666e+006
-4.119738e+006 -3.390984e+006 4.340261e+006
-4.113639e+006 -3.393789e+006 4.343852e+006
-4.107536e+006 -3.396590e+006 4.347437e+006
-4.101427e+006 -3.399387e+006 4.351017e+006
-4.095313e+006 -3.402179e+006 4.354591e+006
-4.089195e+006 -3.404968e+006 4.358160e+006
-4.083071e+006 -3.407752e+006 4.361724e+006
-4.076942e+006 -3.410532e+006 4.365282e+006
-4.070809e+006 -3.413308e+006 4.368835e+006
-4.064670e+006 -3.416080e+006 4.372383e+006
-4.058526e+006 -3.418848e+006 4.375925e+006
-4.052378e+006 -3.421611e+006 4.379462e+006
-4.046224e+006 -3.424370e+006 4.382994e+006
-4.040066e+006 -3.427125e+006 4.386520e+006
-4.033902e+006 -3.429876e+006 4.390041e+006
-4.027734e+006 -3.432623e+006 4.393557e+006
-4.021560e+006 -3.435365e+006 4.397067e+006
-4.015382e+006 -3.438103e+006 4.400572e+006
-4.009199e+006 -3.440837e+006 4.404071e+006
-4.003011e+006 -3.443567e+006 4.407565e+006
-3.996818e+006 -3.446293e+006 4.411053e+006
-3.990620e+006 -3.449014e+006 4.414537e+006
-3.984417e+006 -3.451731e+006 4.418014e+006
-3.978209e+006 -3.454444e+006 4.421487e+006
-3.971997e+006 -3.457153e+006 4.424954e+006
-3.965779e+006 -3.459857e+006 4.428415e+006
-3.959557e+006 -3.462557e+006 4.431871e+006
-3.953330e+006 -3.465253e+006 4.435322e+006
-3.947098e+006 -3.467945e+006 4.438767e+006
-3.940861e+006 -3.470632e+006 4.442207e+006
-3.934620e+006 -3.473316e+006 4.445641e+006
-3.928373e+006 -3.475995e+006 4.449070e+006
-3.922122e+006 -3.478669e+006 4.452494e+006
-3.915866e+006 -3.481340e+006 4.455912e+006
-3.909605e+006 -3.484006e+006 4.459324e+006
-3.903339e+006 -3.486668e+006 4.462731e+006
-3.897069e+006 -3.489325e+006 4.466133e+006
-3.890794e+006 -3.491979e+006 4.469529e+006
-3.884514e+006 -3.494628e+006 4.472920e+006
-3.878229e+006 -3.497273e+006 4.476305e+006
-3.871939e+006 -3.499913e+006 4.479684e+006
-3.865645e+006 -3.502549e+006 4.483059e+006
-3.859346e+006 -3.505181e+006 4.486427e+006
-3.853043e+006 -3.507809e+006 4.489791e+006
-3.846734e+006 -3.510432e+006 4.493148e+006
-3.840421e+006 -3.513051e+006 4.496500e+006
-3.834103e+006 -3.515666e+006 4.499847e+006
-3.827781e+006 -3.518276e+006 4.503188e+006
-3.821453e+006 -3.520882e+006 4.506524e+006
-3.815122e+006 -3.523484e+006 4.509854e+006
-3.808785e+006 -3.526082e+006 4.513179e+006
-3.802444e+006 -3.528675e+006 4.516498e+006
-3.796098e+006 -3.531264e+006 4.519812e+006
-3.789747e+006 -3.533848e+006 4.523120e+006
-3.783392e+006 -3.536428e+006 4.526422e+006
-3.777032e+006 -3.539004e+006 4.529719e+006
-3.770668e+006 -3.541576e+006 4.533010e+006
-3.764299e+006 -3.544143e+006 4.536296e+006
-3.757925e+006 -3.546706e+006 4.539577e+006
-3.751547e+006 -3.549264e+006 4.542851e+006
-3.745164e+006 -3.551819e+006 4.546120e+006
-3.738776e+006 -3.554368e+006 4.549384e+006
-3.732384e+006 -3.556914e+006 4.552642e+006
-3.725988e+006 -3.559455e+006 4.555894e+006
-3.719587e+006 -3.561992e+006 4.559141e+006
-3.713181e+006 -3.564524e+006 4.562383e+006
-3.706771e+006 -3.567052e+006 4.565618e+006
-3.700356e+006 -3.569576e+006 4.568848e+006
-3.693936e+006 -3.572095e+006 4.572073e+006
-3.687513e+006 -3.574610e+006 4.575292e+006
-3.681084e+006 -3.577120e+006 4.578505e+006
-3.674651e+006 -3.579626e+006 4.581713e+006
-3.668214e+006 -3.582128e+006 4.584915e+006
-3.661772e+006 -3.584625e+006 4.588111e+006
-3.655325e+006 -3.587118e+006 4.591302e+006
-3.648875e+006 -3.589607e+006 4.594487e+006
-3.642419e+006 -3.592091e+006 4.597667e+006
-3.635959e+006 -3.594571e+006 4.600841e+006
-3.629495e+006 -3.597046e+006 4.604009e+006
-3.623027e+006 -3.599517e+006 4.607172e+006
-3.616553e+006 -3.601984e+006 4.610329e+006
-3.610076e+006 -3.604446e+006 4.613480e+006
-3.603594e+006 -3.606904e+006 4.616626e+006
-3.597107e+006 -3.609357e+006 4.619766e+006
-3.590617e+006 -3.611806e+006 4.622901e+006
-3.584121e+006 -3.614250e+006 4.626029e+006
-3.577622e+006 -3.616690e+006 4.629152e+006
-3.571118e+006 -3.619126e+006 4.632270e+006
-3.564609e+006 -3.621557e+006 4.635382e+006
-3.558097e+006 -3.623984e+006 4.638488e+006
-3.551580e+006 -3.626406e+006 4.641588e+006
-3.545058e+006 -3.628824e+006 4.644683e+006
-3.538532e+006 -3.631237e+006 4.647772e+006
-3.532002e+006 -3.633646e+006 4.650855e+006
-3.525468e+006 -3.636051e+006 4.653933e+006
-3.518929e+006 -3.638451e+006 4.657005e+006
-3.512386e+006 -3.640846e+006 4.660071e+006
-3.505839e+006 -3.643238e+006 4.663131e+006
-3.499287e+006 -3.645624e+006 4.666186e+006
-3.492731e+006 -3.648006e+006 4.669235e+006
-3.486171e+006 -3.650384e+006 4.672279e+006
-3.479606e+006 -3.652757e+006 4.675316e+006
-3.473038e+006 -3.655126e+006 4.678348e+006
-3.466465e+006 -3.657490e+006 4.681374e+006
-3.459887e+006 -3.659850e+006 4.684395e+006
-3.453306e+006 -3.662206e+006 4.687409e+006
-3.446720e+006 -3.664556e+006 4.690418e+006
-3.440130e+006 -3.666903e+006 4.693422e+006
-3.433536e+006 -3.669245e+006 4.696419e+006
-3.426938e+006 -3.671582e+006 4.699411e+006
-3.420335e+006 -3.673915e+006 4.702397e+006
-3.413728e+006 -3.676243e+006 4.705377e+006
-3.407117e+006 -3.678567e+006 4.708351e+006
-3.400502e+006 -3.680887e+006 4.711320e+006
-3.393883e+006 -3.683202e+006 4.714283e+006
-3.387259e+006 -3.685512e+006 4.717240e+006
-3.380632e+006 -3.687818e+006 4.720191e+006
-3.374000e+006 -3.690119e+006 4.723137e+006
-3.367364e+006 -3.692416e+006 4.726077e+006
-3.360724e+006 -3.694708e+006 4.729011e+006
-3.354080e+006 -3.696996e+006 4.731939e+006
-3.347432e+006 -3.699279e+006 4.734861e+006
-3.340780e+006 -3.701558e+006 4.737778e+006
-3.334123e+006 -3.703832e+006 4.740689e+006
-3.327463e+006 -3.706102e+006 4.743594e+006
-3.320798e+006 -3.708367e+006 4.746493e+006
-3.314130e+006 -3.710627e+006 4.749386e+006
-3.307457e+006 -3.712883e+006 4.752274e+006
-3.300780e+006 -3.715135e+006 4.755155e+006
-3.294099e+006 -3.717382e+006 4.758031e+006
-3.287415e+006 -3.719624e+006 4.760901e+006
-3.280726e+006 -3.721862e+006 4.763766e+006
-3.274033e+006 -3.724095e+006 4.766624e+006
-3.267336e+006 -3.726324e+006 4.769477e+006
-3.260635e+006 -3.728548e+006 4.772323e+006
-3.253930e+006 -3.730767e+006 4.775164e+006
-3.247221e+006 -3.732982e+006 4.777999e+006
-3.240508e+006 -3.735193e+006 4.780828e+006
-3.233792e+006 -3.737398e+006 4.783652e+006
-3.227071e+006 -3.739600e+006 4.786469e+006
-3.220346e+006 -3.741796e+006 4.789281e+006
-3.213617e+006 -3.743988e+006 4.792086e+006
-3.206885e+006 -3.746176e+006 4.794886e+006
-3.200148e+006 -3.748359e+006 4.797680e+006
-3.193408e+006 -3.750537e+006 4.800468e+006
-3.186664e+006 -3.752711e+006 4.803251e+006
-3.179915e+006 -3.754880e+006 4.806027e+006
-3.173163e+006 -3.757044e+006 4.808797e+006
-3.166407e+006 -3.759204e+006 4.811562e+006
-3.159647e+006 -3.761360e+006 4.814321e+006
-3.152883e+006 -3.763510e+006 4.817073e+006
-3.146116e+006 -3.765656e+006 4.819820e+006
-3.139344e+006 -3.767798e+006 4.822561e+006
-3.132569e+006 -3.769935e+006 4.825296e+006
-3.125790e+006 -3.772067e+006 4.828025e+006
-3.119007e+006 -3.774195e+006 4.830749e+006
-3.112220e+006 -3.776318e+006 4.833466e+006
-3.105429e+006 -3.778436e+006 4.836177e+006
-3.098635e+006 -3.780550e+006 4.838883e+006
-3.091836e+006 -3.782659e+006 4.841582e+006
-3.085034e+006 -3.784763e+006 4.844276e+006
-3.078228e+006 -3.786863e+006 4.846964e+006
-3.071419e+006 -3.788958e+006 4.849645e+006
-3.064605e+006 -3.791049e+006 4.852321e+006
-3.057788e+006 -3.793135e+006 4.854991e+006
-3.050967e+006 -3.795216e+006 4.857655e+006
-3.044143e+006 -3.797293e+006 4.860313e+006
-3.037315e+006 -3.799365e+006 4.862965e+006
-3.030482e+006 -3.801432e+006 4.865611e+006
-3.023647e+006 -3.803495e+006 4.868251e+006
-3.016807e+006 -3.805553e+006 4.870885e+006
-3.009964e+006 -3.807606e+006 4.873513e+006
-3.003117e+006 -3.809655e+006 4.876136e+006
-2.996267e+006 -3.811699e+006 4.878752e+006
-2.989413e+006 -3.813738e+006 4.881362e+006
-2.982555e+006 -3.815773e+006 4.883966e+006
-2.975693e+006 -3.817803e+006 4.886564e+006
-2.968828e+006 -3.819828e+006 4.889157e+006
-2.961959e+006 -3.821849e+006 4.891743e+006
-2.955087e+006 -3.823864e+006 4.894323e+006
-2.948211e+006 -3.825876e+006 4.896898e+006
-2.941331e+006 -3.827882e+006 4.899466e+006
-2.934448e+006 -3.829884e+006 4.902028e+006
-2.927561e+006 -3.831881e+006 4.904585e+006
-2.920671e+006 -3.833874e+006 4.907135e+006
-2.913776e+006 -3.835862e+006 4.909679e+006
-2.906879e+006 -3.837845e+006 4.912217e+006
-2.899978e+006 -3.839823e+006 4.914750e+006
-2.893073e+006 -3.841797e+006 4.917276e+006
-2.886165e+006 -3.843766e+006 4.919796e+006
-2.879253e+006 -3.845730e+006 4.922310e+006
-2.872338e+006 -3.847690e+006 4.924818e+006
-2.865419e+006 -3.849645e+006 4.927321e+006
-2.858497e+006 -3.851595e+006 4.929817e+006
-2.851571e+006 -3.853540e+006 4.932307e+006
-2.844641e+006 -3.855481e+006 4.934791e+006
-2.837709e+006 -3.857417e+006 4.937269e+006
-2.830772e+006 -3.859348e+006 4.939741e+006
-2.823833e+006 -3.861275e+006 4.942206e+006
-2.816889e+006 -3.863197e+006 4.944666e+006
-2.809943e+006 -3.865114e+006 4.947120e+006
-2.802993e+006 -3.867026e+006 4.949568e+006
-2.796039e+006 -3.868934e+006 4.952009e+006
-2.789082e+006 -3.870837e+006 4.954445e+006
-2.782122e+006 -3.872735e+006 4.956874e+006
-2.775158e+006 -3.874628e+006 4.959298e+006
-2.768191e+006 -3.876517e+006 4.961715e+006
-2.761220e+006 -3.878401e+006 4.964126e+006
-2.754246e+006 -3.880280e+006 4.966532e+006
-2.747269e+006 -3.882154e+006 4.968931e+006
-2.740288e+006 -3.884024e+006 4.971324e+006
-2.733304e+006 -3.885889e+006 4.973711e+006
-2.726317e+006 -3.887749e+006 4.976091e+006
-2.719326e+006 -3.889604e+006 4.978466e+006
-2.712332e+006 -3.891455e+006 4.980835e+006
-2.705334e+006 -3.893300e+006 4.983197e+006
-2.698334e+006 -3.895142e+006 4.985554e+006
-2.691330e+006 -3.896978e+006 4.987904e+006
-2.684322e+006 -3.898809e+006 4.990248e+006
-2.677312e+006 -3.900636e+006 4.992586e+006
-2.670298e+006 -3.902458e+006 4.994918e+006
-2.663281e+006 -3.904275e+006 4.997244e+006
-2.656260e+006 -3.906088e+006 4.999564e+006
-2.649237e+006 -3.907895e+006 5.001878e+006
-2.642210e+006 -3.909698e+006 5.004185e+006
-2.635180e+006 -3.911496e+006 5.006486e+006
-2.628146e+006 -3.913289e+006 5.008782e+006
-2.621110e+006 -3.915078e+006 5.011071e+006
-2.614070e+006 -3.916861e+006 5.013354e+006
-2.607027e+006 -3.918640e+006 5.015631e+006
-2.599980e+006 -3.920414e+006 5.017901e+006
-2.592931e+006 -3.922183e+006 5.020166e+006
-2.585879e+006 -3.923948e+006 5.022424e+006
-2.578823e+006 -3.925707e+006 5.024676e+006
-2.571764e+006 -3.927462e+006 5.026922e+006
-2.564702e+006 -3.929212e+006 5.029162e+006
-2.557637e+006 -3.930957e+006 5.031396e+006
-2.550568e+006 -3.932698e+006 5.033624e+006
-2.543497e+006 -3.934433e+006 5.035845e+006
-2.536422e+006 -3.936164e+006 5.038060e+006
-2.529345e+006 -3.937890e+006 5.040269e+006
-2.522264e+006 -3.939611e+006 5.042472e+006
-2.515180e+006 -3.941327e+006 5.044669e+006
-2.508093e+006 -3.943039e+006 5.046860e+006
-2.501003e+006 -3.944745e+006 5.049044e+006
-2.493910e+006 -3.946447e+006 5.051222e+006
-2.486814e+006 -3.948144e+006 5.053394e+006
-2.479715e+006 -3.949836e+006 5.055560e+006
-2.472612e+006 -3.951524e+006 5.057720e+006
-2.465507e+006 -3.953206e+006 5.059873e+006
-2.458399e+006 -3.954884e+006 5.062020e+006
-2.451288e+006 -3.956556e+006 5.064161e+006
-2.444173e+006 -3.958224e+006 5.066296e+006
-2.437056e+006 -3.959887e+006 5.068425e+006
-2.429936e+006 -3.961546e+006 5.070547e+006
-2.422813e+006 -3.963199e+006 5.072663e+006
-2.415686e+006 -3.964847e+006 5.074773e+006
-2.408557e+006 -3.966491e+006 5.076877e+006
-2.401425e+006 -3.968130e+006 5.078974e+006
-2.394290e+006 -3.969764e+006 5.081066e+006
-2.387152e+006 -3.971393e+006 5.083151e+006
-2.380011e+006 -3.973017e+006 5.085230e+006
-2.372867e+006 -3.974636e+006 5.087302e+006
-2.365721e+006 -3.976251e+006 5.089369e+006
-2.358571e+006 -3.977860e+006 5.091429e+006
-2.351419e+006 -3.979465e+006 5.093483e+006
-2.344263e+006 -3.981065e+006 5.095531e+006
-2.337105e+006 -3.982660e+006 5.097572e+006
-2.329944e+006 -3.984250e+006 5.099607e+006
-2.322780e+006 -3.985835e+006 5.101636e+006
-2.315613e+006 -3.987415e+006 5.103659e+006
-2.308443e+006 -3.988991e+006 5.105675e+006
-2.301271e+006 -3.990561e+006 5.107686e+006
-2.294095e+006 -3.992127e+006 5.109690e+006
-2.286917e+006 -3.993688e+006 5.111687e+006
-2.279736e+006 -3.995244e+006 5.113679e+006
-2.272553e+006 -3.996795e+006 5.115664e+006
-2.265366e+006 -3.998341e+006 5.117643e+006
-2.258177e+006 -3.999882e+006 5.119615e+006
-2.250985e+006 -4.001418e+006 5.121582e+006
-2.243790e+006 -4.002950e+006 5.123542e+006
-2.236592e+006 -4.004476e+006 5.125496e+006
-2.229392e+006 -4.005998e+006 5.127443e+006
-2.222189e+006 -4.007514e+006 5.129384e+006
-2.214983e+006 -4.009026e+006 5.131319e+006
-2.207775e+006 -4.010533e+006 5.133248e+006
-2.200564e+006 -4.012035e+006 5.135170e+006
-2.193350e+006 -4.013532e+006 5.137086e+006
-2.186133e+006 -4.015024e+006 5.138996e+006
-2.178914e+006 -4.016511e+006 5.140900e+006
-2.171692e+006 -4.017993e+006 5.142797e+006
-2.164468e+006 -4.019471e+006 5.144688e+006
-2.157241e+006 -4.020943e+006 5.146572e+006
-2.150011e+006 -4.022411e+006 5.148451e+006
-2.142778e+006 -4.023873e+006 5.150323e+006
-2.135543e+006 -4.025331e+006 5.152188e+006
-2.128305e+006 -4.026784e+006 5.154048e+006
-2.121065e+006 -4.028231e+006 5.155901e+006
-2.113822e+006 -4.029674e+006 5.157748e+006
-2.106577e+006 -4.031112e+006 5.159588e+006
-2.099328e+006 -4.032545e+006 5.161422e+006
-2.092078e+006 -4.033973e+006 5.163250e+006
-2.084825e+006 -4.035396e+006 5.165071e+006
-2.077569e+006 -4.036814e+006 5.166887e+006
-2.070310e+006 -4.038227e+006 5.168695e+006
-2.063050e+006 -4.039636e+006 5.170498e+006
-2.055786e+006 -4.041039e+006 5.172294e+006
-2.048520e+006 -4.042437e+006 5.174084e+006
-2.041252e+006 -4.043831e+006 5.175867e+006
-2.033981e+006 -4.045219e+006 5.177644e+006
-2.026708e+006 -4.046603e+006 5.179415e+006
-2.019432e+006 -4.047981e+006 5.181180e+006
-2.012153e+006 -4.049355e+006 5.182938e+006
-2.004872e+006 -4.050723e+006 5.184689e+006
-1.997589e+006 -4.052087e+006 5.186435e+006
-1.990303e+006 -4.053446e+006 5.188174e+006
-1.983015e+006 -4.054799e+006 5.189907e+006
-1.975725e+006 -4.056148e+006 5.191633e+006
-1.968432e+006 -4.057492e+006 5.193353e+006
-1.961136e+006 -4.058831e+006 5.195067e+006
-1.953838e+006 -4.060165e+006 5.196774e+006
-1.946538e+006 -4.061494e+006 5.198475e+006
-1.939236e+006 -4.062817e+006 5.200169e+006
-1.931931e+006 -4.064136e+006 5.201857e+006
-1.924623e+006 -4.065450e+006 5.203539e+006
-1.917313e+006 -4.066759e+006 5.205214e+006
-1.910001e+006 -4.068063e+006 5.206883e+006
-1.902687e+006 -4.069362e+006 5.208546e+006
-1.895370e+006 -4.070656e+006 5.210202e+006
-1.888051e+006 -4.071945e+006 5.211852e+006
-1.880730e+006 -4.073229e+006 5.213496e+006
-1.873406e+006 -4.074508e+006 5.215133e+006
-1.866080e+006 -4.075782e+006 5.216764e+006
-1.858752e+006 -4.077051e+006 5.218388e+006
-1.851421e+006 -4.078315e+006 5.220006e+006
-1.844089e+006 -4.079575e+006 5.221617e+006
-1.836754e+006 -4.080829e+006 5.223222e+006
-1.829416e+006 -4.082078e+006 5.224821e+006
-1.822077e+006 -4.083322e+006 5.226414e+006
-1.814735e+006 -4.084561e+006 5.227999e+006
-1.807391e+006 -4.085795e+006 5.229579e+006
-1.800045e+006 -4.087024e+006 5.231152e+006
-1.792696e+006 -4.088248e+006 5.232719e+006
-1.785346e+006 -4.089467e+006 5.234279e+006
-1.777993e+006 -4.090681e+006 5.235833e+006
-1.770638e+006 -4.091890e+006 5.237381e+006
-1.763281e+006 -4.093094e+006 5.238922e+006
-1.755921e+006 -4.094293e+006 5.240456e+006
-1.748560e+006 -4.095487e+006 5.241985e+006
-1.741196e+006 -4.096676e+006 5.243506e+006
-1.733831e+006 -4.097860e+006 5.245022e+006
-1.726463e+006 -4.099039e+006 5.246531e+006
-1.719093e+006 -4.100213e+006 5.248033e+006
-1.711721e+006 -4.101382e+006 5.249529e+006
-1.704346e+006 -4.102546e+006 5.251019e+006
-1.696970e+006 -4.103705e+006 5.252502e+006
-1.689592e+006 -4.104858e+006 5.253979e+006
-1.682211e+006 -4.106007e+006 5.255449e+006
-1.674829e+006 -4.107151e+006 5.256913e+006
-1.667444e+006 -4.108290e+006 5.258371e+006
-1.660058e+006 -4.109423e+006 5.259822e+006
-1.652669e+006 -4.110552e+006 5.261267e+006
-1.645279e+006 -4.111676e+006 5.262705e+006
-1.637886e+006 -4.112794e+006 5.264136e+006
-1.630491e+006 -4.113908e+006 5.265562e+006
-1.623095e+006 -4.115016e+006 5.266981e+006
-1.615696e+006 -4.116120e+006 5.268393e+006
-1.608295e+006 -4.117218e+006 5.269799e+006
-1.600893e+006 -4.118311e+006 5.271198e+006
-1.593488e+006 -4.119400e+006 5.272591e+006
-1.586082e+006 -4.120483e+006 5.273978e+006
-1.578673e+006 -4.121561e+006 5.275358e+006
-1.571263e+006 -4.122635e+006 5.276732e+006
-1.563851e+006 -4.123703e+006 5.278099e+006
-1.556436e+006 -4.124766e+006 5.279459e+006
-1.549020e+006 -4.125824e+006 5.280814e+006
-1.541602e+006 -4.126877e+006 5.282161e+006
-1.534182e+006 -4.127925e+006 5.283503e+006
-1.526761e+006 -4.128968e+006 5.284837e+006
-1.519337e+006 -4.130005e+006 5.286166e+006
-1.511911e+006 -4.131038e+006 5.287488e+006
-1.504484e+006 -4.132066e+006 5.288803e+006
-1.497055e+006 -4.133088e+006 5.290112e+006
-1.489624e+006 -4.134106e+006 5.291414e+006
-1.482191e+006 -4.135119e+006 5.292710e+006
-1.474756e+006 -4.136126e+006 5.294000e+006
-1.467320e+006 -4.137128e+006 5.295283e+006
-1.459881e+006 -4.138126e+006 5.296559e+006
-1.452441e+006 -4.139118e+006 5.297829e+006
-1.445000e+006 -4.140105e+006 5.299093e+006
-1.437556e+006 -4.141087e+006 5.300350e+006
-1.430111e+006 -4.142064e+006 5.301600e+006
-1.422663e+006 -4.143036e+006 5.302844e+006
-1.415214e+006 -4.144003e+006 5.304082e+006
-1.407764e+006 -4.144965e+006 5.305313e+006
-1.400312e+006 -4.145922e+006 5.306538e+006
-1.392857e+006 -4.146873e+006 5.307756e+006
-1.385402e+006 -4.147820e+006 5.308967e+006
-1.377944e+006 -4.148761e+006 5.310172e+006
-1.370485e+006 -4.149698e+006 5.311371e+006
-1.363024e+006 -4.150629e+006 5.312563e+006
-1.355562e+006 -4.151555e+006 5.313748e+006
-1.348098e+006 -4.152476e+006 5.314927e+006
-1.340632e+006 -4.153392e+006 5.316100e+006
-1.333164e+006 -4.154303e+006 5.317266e+006
-1.325695e+006 -4.155209e+006 5.318425e+006
-1.318225e+006 -4.156110e+006 5.319578e+006
-1.310752e+006 -4.157006e+006 5.320725e+006
-1.303278e+006 -4.157896e+006 5.321865e+006
-1.295803e+006 -4.158782e+006 5.322998e+006
-1.288326e+006 -4.159662e+006 5.324125e+006
-1.280847e+006 -4.160538e+006 5.325245e+006
-1.273367e+006 -4.161408e+006 5.326359e+006
-1.265885e+006 -4.162273e+006 5.327466e+006
-1.258401e+006 -4.163133e+006 5.328567e+006
-1.250917e+006 -4.163988e+006 5.329661e+006
-1.243430e+006 -4.164838e+006 5.330749e+006
-1.235942e+006 -4.165682e+006 5.331830e+006
-1.228453e+006 -4.166522e+006 5.332905e+006
-1.220962e+006 -4.167357e+006 5.333973e+006
-1.213469e+006 -4.168186e+006 5.335035e+006
-1.205975e+006 -4.169010e+006 5.336090e+006
-1.198480e+006 -4.169830e+006 5.337138e+006
-1.190983e+006 -4.170644e+006 5.338180e+006
-1.183485e+006 -4.171453e+006 5.339216e+006
-1.175985e+006 -4.172256e+006 5.340245e+006
-1.168483e+006 -4.173055e+006 5.341267e+006
-1.160981e+006 -4.173849e+006 5.342283e+006
-1.153477e+006 -4.174637e+006 5.343292e+006
-1.145971e+006 -4.175421e+006 5.344295e+006
-1.138464e+006 -4.176199e+006 5.345291e+006
-1.130956e+006 -4.176972e+006 5.346281e+006
-1.123446e+006 -4.177740e+006 5.347264e+006
-1.115935e+006 -4.178503e+006 5.348241e+006
-1.108423e+006 -4.179261e+006 5.349211e+006
-1.100909e+006 -4.180014e+006 5.350174e+006
-1.093394e+006 -4.180762e+006 5.351131e+006
-1.085877e+006 -4.181504e+006 5.352081e+006
-1.078359e+006 -4.182241e+006 5.353025e+006
-1.070840e+006 -4.182974e+006 5.353962e+006
-1.063320e+006 -4.183701e+006 5.354893e+006
-1.055798e+006 -4.184423e+006 5.355817e+006
-1.048275e+006 -4.185140e+006 5.356735e+006
-1.040750e+006 -4.185851e+006 5.357645e+006
-1.033225e+006 -4.186558e+006 5.358550e+006
-1.025698e+006 -4.187260e+006 5.359448e+006
-1.018170e+006 -4.187956e+006 5.360339e+006
-1.010640e+006 -4.188647e+006 5.361224e+006
-1.003110e+006 -4.189333e+006 5.362102e+006
-9.955779e+005 -4.190014e+006 5.362974e+006
-9.880448e+005 -4.190690e+006 5.363839e+006
-9.805105e+005 -4.191361e+006 5.364697e+006
-9.729751e+005 -4.192026e+006 5.365549e+006
-9.654384e+005 -4.192687e+006 5.366394e+006
-9.579005e+005 -4.193342e+006 5.367233e+006
-9.503615e+005 -4.193992e+006 5.368065e+006
-9.428213e+005 -4.194637e+006 5.368891e+006
-9.352799e+005 -4.195277e+006 5.369710e+006
-9.277374e+005 -4.195912e+006 5.370522e+006
-9.201938e+005 -4.196541e+006 5.371328e+006
-9.126490e+005 -4.197166e+006 5.372127e+006
-9.051031e+005 -4.197785e+006 5.372920e+006
-8.975561e+005 -4.198399e+006 5.373706e+006
-8.900080e+005 -4.199008e+006 5.374485e+006
-8.824589e+005 -4.199612e+006 5.375258e+006
-8.749086e+005 -4.200211e+006 5.376025e+006
-8.673573e+005 -4.200804e+006 5.376785e+006
-8.598049e+005 -4.201393e+006 5.377538e+006
-8.522514e+005 -4.201976e+006 5.378284e+006
-8.446969e+005 -4.202554e+006 5.379024e+006
-8.371414e+005 -4.203127e+006 5.379758e+006
-8.295848e+005 -4.203695e+006 5.380485e+006
-8.220273e+005 -4.204258e+006 5.381205e+006
-8.144687e+005 -4.204816e+006 5.381918e+006
-8.069091e+005 -4.205368e+006 5.382625e+006
-7.993486e+005 -4.205915e+006 5.383326e+006
-7.917870e+005 -4.206457e+006 5.384020e+006
-7.842245e+005 -4.206994e+006 5.384707e+006
-7.766610e+005 -4.207526e+006 5.385388e+006
-7.690966e+005 -4.208053e+006 5.386062e+006
-7.615312e+005 -4.208574e+006 5.386729e+006
-7.539649e+005 -4.209090e+006 5.387390e+006
-7.463977e+005 -4.209602e+006 5.388044e+006
-7.388296e+005 -4.210108e+006 5.388692e+006
-7.312605e+005 -4.210609e+006 5.389333e+006
-7.236906e+005 -4.211104e+006 5.389968e+006
-7.161198e+005 -4.211595e+006 5.390596e+006
-7.085481e+005 -4.212080e+006 5.391217e+006
-7.009755e+005 -4.212560e+006 5.391831e+006
-6.934021e+005 -4.213035e+006 5.392440e+006
-6.858278e+005 -4.213505e+006 5.393041e+006
-6.782527e+005 -4.213970e+006 5.393636e+006
-6.706767e+005 -4.214430e+006 5.394224e+006
-6.631000e+005 -4.214884e+006 5.394806e+006
-6.555224e+005 -4.215333e+006 5.395381e+006
-6.479440e+005 -4.215778e+006 5.395949e+006
-6.403648e+005 -4.216216e+006 5.396511e+006
-6.327848e+005 -4.216650e+006 5.397066e+006
-6.252041e+005 -4.217079e+006 5.397615e+006
-6.176226e+005 -4.217502e+006 5.398157e+006
-6.100403e+005 -4.217921e+006 5.398692e+006
-6.024573e+005 -4.218334e+006 5.399221e+006
-5.948736e+005 -4.218742e+006 5.399743e+006
-5.872891e+005 -4.219144e+006 5.400258e+006
-5.797039e+005 -4.219542e+006 5.400767e+006
-5.721180e+005 -4.219934e+006 5.401270e+006
-5.645314e+005 -4.220322e+006 5.401765e+006
-5.569441e+005 -4.220704e+006 5.402254e+006
-5.493561e+005 -4.221081e+006 5.402737e+006
-5.417675e+005 -4.221452e+006 5.403213e+006
-5.341782e+005 -4.221819e+006 5.403682e+006
-5.265882e+005 -4.222180e+006 5.404144e+006
-5.189976e+005 -4.222537e+006 5.404600e+006
-5.114063e+005 -4.222888e+006 5.405050e+006
-5.038144e+005 -4.223234e+006 5.405492e+006
-4.962220e+005 -4.223574e+006 5.405929e+006
-4.886288e+005 -4.223910e+006 5.406358e+006
-4.810351e+005 -4.224240e+006 5.406781e+006
-4.734409e+005 -4.224565e+006 5.407197e+006
-4.658460e+005 -4.224885e+006 5.407607e+006
-4.582505e+005 -4.225200e+006 5.408010e+006
-4.506545e+005 -4.225510e+006 5.408406e+006
-4.430580e+005 -4.225814e+006 5.408796e+006
-4.354609e+005 -4.226114e+006 5.409179e+006
-4.278633e+005 -4.226408e+006 5.409555e+006
-4.202651e+005 -4.226697e+006 5.409925e+006
-4.126664e+005 -4.226981e+006 5.410288e+006
-4.050673e+005 -4.227259e+006 5.410645e+006
-3.974676e+005 -4.227533e+006 5.410995e+006
-3.898674e+005 -4.227801e+006 5.411338e+006
-3.822668e+005 -4.228064e+006 5.411675e+006
-3.746657e+005 -4.228322e+006 5.412005e+006
-3.670641e+005 -4.228574e+006 5.412329e+006
-3.594621e+005 -4.228822e+006 5.412645e+006
-3.518597e+005 -4.229064e+006 5.412956e+006
-3.442568e+005 -4.229302e+006 5.413259e+006
-3.366535e+005 -4.229534e+006 5.413556e+006
-3.290498e+005 -4.229760e+006 5.413846e+006
-3.214456e+005 -4.229982e+006 5.414130e+006
-3.138411e+005 -4.230198e+006 5.414407e+006
-3.062362e+005 -4.230410e+006 5.414677e+006
-2.986309e+005 -4.230616e+006 5.414941e+006
-2.910253e+005 -4.230817e+006 5.415198e+006
-2.834193e+005 -4.231012e+006 5.415449e+006
-2.758130e+005 -4.231203e+006 5.415693e+006
-2.682063e+005 -4.231388e+006 5.415930e+006
-2.605993e+005 -4.231568e+006 5.416161e+006
-2.529919e+005 -4.231743e+006 5.416385e+006
-2.453843e+005 -4.231913e+006 5.416602e+006
-2.377764e+005 -4.232078e+006 5.416813e+006
-2.301681e+005 -4.232237e+006 5.417017e+006
-2.225596e+005 -4.232391e+006 5.417214e+006
-2.149508e+005 -4.232541e+006 5.417405e+006
-2.073418e+005 -4.232684e+006 5.417589e+006
-1.997325e+005 -4.232823e+006 5.417767e+006
-1.921229e+005 -4.232957e+006 5.417937e+006
-1.845131e+005 -4.233085e+006 5.418102e+006
-1.769031e+005 -4.233208e+006 5.418259e+006
-1.692929e+005 -4.233326e+006 5.418410e+006
-1.616825e+005 -4.233439e+006 5.418555e+006
-1.540718e+005 -4.233546e+006 5.418692e+006
-1.464610e+005 -4.233649e+006 5.418823e+006
-1.388500e+005 -4.233746e+006 5.418948e+006
-1.312388e+005 -4.233838e+006 5.419066e+006
-1.236275e+005 -4.233925e+006 5.419177e+006
-1.160160e+005 -4.234006e+006 5.419281e+006
-1.084044e+005 -4.234083e+006 5.419379e+006
-1.007927e+005 -4.234154e+006 5.419470e+006
-9.318077e+004 -4.234220e+006 5.419555e+006
-8.556878e+004 -4.234281e+006 5.419633e+006
-7.795668e+004 -4.234337e+006 5.419704e+006
-7.034448e+004 -4.234387e+006 5.419769e+006
-6.273220e+004 -4.234433e+006 5.419827e+006
-5.511985e+004 -4.234473e+006 5.419878e+006
-4.750742e+004 -4.234508e+006 5.419923e+006
-3.989494e+004 -4.234538e+006 5.419961e+006
-3.228240e+004 -4.234562e+006 5.419993e+006
-2.466983e+004 -4.234582e+006 5.420017e+006
-1.705723e+004 -4.234596e+006 5.420036e+006
-9.444606e+003 -4.234605e+006 5.420047e+006
-1.831971e+003 -4.234609e+006 5.420052e+006
5.780666e+003 -4.234607e+006 5.420050e+006
1.339330e+004 -4.234601e+006 5.420042e+006
2.100591e+004 -4.234589e+006 5.420027e+006
2.861850e+004 -4.234572e+006 5.420005e+006
3.623105e+004 -4.234550e+006 5.419977e+006
4.384356e+004 -4.234523e+006 5.419942e+006
5.145601e+004 -4.234490e+006 5.419901e+006
5.906840e+004 -4.234453e+006 5.419852e+006
6.668072e+004 -4.234410e+006 5.419798e+006
7.429296e+004 -4.234362e+006 5.419736e+006
8.190511e+004 -4.234309e+006 5.419668e+006
8.951715e+004 -4.234250e+006 5.419593e+006
9.712909e+004 -4.234187e+006 5.419512e+006
1.047409e+005 -4.234118e+006 5.419424e+006
1.123526e+005 -4.234044e+006 5.419329e+006
1.199641e+005 -4.233965e+006 5.419228e+006
1.275756e+005 -4.233880e+006 5.419120e+006
1.351868e+005 -4.233791e+006 5.419005e+006
1.427979e+005 -4.233696e+006 5.418884e+006
1.504088e+005 -4.233596e+006 5.418756e+006
1.580195e+005 -4.233491e+006 5.418622e+006
1.656300e+005 -4.233381e+006 5.418481e+006
1.732404e+005 -4.233265e+006 5.418333e+006
1.808505e+005 -4.233145e+006 5.418178e+006
1.884604e+005 -4.233019e+006 5.418017e+006
1.960700e+005 -4.232888e+006 5.417850e+006
2.036795e+005 -4.232752e+006 5.417675e+006
2.112886e+005 -4.232610e+006 5.417494e+006
2.188976e+005 -4.232464e+006 5.417307e+006
2.265062e+005 -4.232312e+006 5.417112e+006
2.341146e+005 -4.232155e+006 5.416912e+006
2.417227e+005 -4.231993e+006 5.416704e+006
2.493304e+005 -4.231826e+006 5.416490e+006
2.569379e+005 -4.231653e+006 5.416269e+006
2.645451e+005 -4.231476e+006 5.416042e+006
2.721519e+005 -4.231293e+006 5.415808e+006
2.797584e+005 -4.231105e+006 5.415567e+006
2.873646e+005 -4.230911e+006 5.415320e+006
2.949704e+005 -4.230713e+006 5.415066e+006
3.025759e+005 -4.230510e+006 5.414805e+006
3.101809e+005 -4.230301e+006 5.414538e+006
3.177856e+005 -4.230087e+006 5.414264e+006
3.253900e+005 -4.229868e+006 5.413984e+006
3.329939e+005 -4.229643e+006 5.413697e+006
3.405974e+005 -4.229414e+006 5.413403e+006
3.482005e+005 -4.229179e+006 5.413102e+006
3.558031e+005 -4.228939e+006 5.412795e+006
3.634054e+005 -4.228694e+006 5.412482e+006
3.710071e+005 -4.228444e+006 5.412162e+006
3.786085e+005 -4.228189e+006 5.411835e+006
3.862093e+005 -4.227928e+006 5.411501e+006
3.938097e+005 -4.227662e+006 5.411161e+006
4.014096e+005 -4.227391e+006 5.410814e+006
4.090090e+005 -4.227115e+006 5.410461e+006
4.166079e+005 -4.226834e+006 5.410101e+006
4.242064e+005 -4.226548e+006 5.409734e+006
4.318042e+005 -4.226256e+006 5.409361e+006
4.394016e+005 -4.225959e+006 5.408981e+006
4.469984e+005 -4.225657e+006 5.408594e+006
4.545947e+005 -4.225350e+006 5.408201e+006
4.621904e+005 -4.225038e+006 5.407801e+006
4.697855e+005 -4.224720e+006 5.407395e+006
4.773801e+005 -4.224397e+006 5.406982e+006
4.849741e+005 -4.224069e+006 5.406562e+006
4.925675e+005 -4.223736e+006 5.406136e+006
5.001603e+005 -4.223398e+006 5.405703e+006
5.077525e+005 -4.223055e+006 5.405264e+006
5.153440e+005 -4.222706e+006 5.404817e+006
5.229349e+005 -4.222352e+006 5.404365e+006
5.305252e+005 -4.221994e+006 5.403905e+006
5.381148e+005 -4.221629e+006 5.403439e+006
5.457038e+005 -4.221260e+006 5.402967e+006
5.532921e+005 -4.220886e+006 5.402487e+006
5.608797e+005 -4.220506e+006 5.402002e+006
5.684667e+005 -4.220121e+006 5.401509e+006
5.760529e+005 -4.219731e+006 5.401010e+006
5.836385e+005 -4.219336e+006 5.400504e+006
5.912233e+005 -4.218936e+006 5.399992e+006
5.988074e+005 -4.218531e+006 5.399473e+006
6.063908e+005 -4.218120e+006 5.398947e+006
6.139734e+005 -4.217704e+006 5.398415e+006
6.215552e+005 -4.217283e+006 5.397876e+006
6.291364e+005 -4.216857e+006 5.397331e+006
6.367167e+005 -4.216426e+006 5.396779e+006
6.442963e+005 -4.215989e+006 5.396220e+006
6.518750e+005 -4.215548e+006 5.395655e+006
6.594530e+005 -4.215101e+006 5.395083e+006
6.670302e+005 -4.214649e+006 5.394505e+006
6.746065e+005 -4.214192e+006 5.393920e+006
6.821820e+005 -4.213730e+006 5.393328e+006
6.897567e+005 -4.213262e+006 5.392730e+006
6.973305e+005 -4.212790e+006 5.392125e+006
7.049035e+005 -4.212312e+006 5.391513e+006
7.124756e+005 -4.211829e+006 5.390895e+006
7.200469e+005 -4.211341e+006 5.390271e+006
7.276173e+005 -4.210848e+006 5.389639e+006
7.351867e+005 -4.210349e+006 5.389001e+006
7.427553e+005 -4.209846e+006 5.388357e+006
7.503230e+005 -4.209337e+006 5.387706e+006
7.578897e+005 -4.208823e+006 5.387048e+006
7.654555e+005 -4.208304e+006 5.386384e+006
7.730204e+005 -4.207780e+006 5.385713e+006
7.805843e+005 -4.207251e+006 5.385035e+006
7.881473e+005 -4.206716e+006 5.384351e+006
7.957093e+005 -4.206177e+006 5.383661e+006
8.032704e+005 -4.205632e+006 5.382963e+006
8.108304e+005 -4.205082e+006 5.382260e+006
8.183895e+005 -4.204527e+006 5.381549e+006
8.259475e+005 -4.203967e+006 5.380832e+006
8.335046e+005 -4.203401e+006 5.380108e+006
8.410606e+005 -4.202831e+006 5.379378e+006
8.486156e+005 -4.202255e+006 5.378641e+006
8.561695e+005 -4.201674e+006 5.377898e+006
8.637225e+005 -4.201088e+006 5.377148e+006
8.712743e+005 -4.200497e+006 5.376391e+006
8.788251e+005 -4.199901e+006 5.375628e+006
8.863748e+005 -4.199300e+006 5.374858e+006
8.939234e+005 -4.198693e+006 5.374082e+006
9.014709e+005 -4.198081e+006 5.373299e+006
9.090173e+005 -4.197464e+006 5.372509e+006
9.165626e+005 -4.196842e+006 5.371713e+006
9.241068e+005 -4.196215e+006 5.370911e+006
9.316499e+005 -4.195583e+006 5.370101e+006
9.391918e+005 -4.194946e+006 5.369286e+006
9.467325e+005 -4.194303e+006 5.368463e+006
9.542721e+005 -4.193655e+006 5.367634e+006
9.618106e+005 -4.193003e+006 5.366799e+006
9.693478e+005 -4.192345e+006 5.365957e+006
9.768839e+005 -4.191682e+006 5.365108e+006
9.844187e+005 -4.191013e+006 5.364253e+006
9.919524e+005 -4.190340e+006 5.363391e+006
9.994849e+005 -4.189662e+006 5.362522e+006
1.007016e+006 -4.188978e+006 5.361647e+006
1.014546e+006 -4.188289e+006 5.360766e+006
1.022075e+006 -4.187595e+006 5.359878e+006
1.029602e+006 -4.186896e+006 5.358983e+006
1.037129e+006 -4.186192e+006 5.358082e+006
1.044653e+006 -4.185483e+006 5.357174e+006
1.052177e+006 -4.184768e+006 5.356259e+006
1.059700e+006 -4.184049e+006 5.355338e+006
1.067221e+006 -4.183324e+006 5.354411e+006
1.074740e+006 -4.182595e+006 5.353477e+006
1.082259e+006 -4.181860e+006 5.352536e+006
1.089776e+006 -4.181120e+006 5.351589e+006
1.097292e+006 -4.180374e+006 5.350635e+006
1.104806e+006 -4.179624e+006 5.349675e+006
1.112319e+006 -4.178869e+006 5.348708e+006
1.119831e+006 -4.178108e+006 5.347735e+006
1.127342e+006 -4.177343e+006 5.346755e+006
1.134851e+006 -4.176572e+006 5.345768e+006
1.142358e+006 -4.175796e+006 5.344775e+006
1.149864e+006 -4.175015e+006 5.343776e+006
1.157369e+006 -4.174229e+006 5.342770e+006
1.164873e+006 -4.173438e+006 5.341757e+006
1.172375e+006 -4.172642e+006 5.340738e+006
1.179875e+006 -4.171840e+006 5.339712e+006
1.187374e+006 -4.171034e+006 5.338680e+006
1.194872e+006 -4.170222e+006 5.337641e+006
1.202368e+006 -4.169405e+006 5.336595e+006
1.209863e+006 -4.168583e+006 5.335543e+006
1.217356e+006 -4.167756e+006 5.334485e+006
1.224847e+006 -4.166924e+006 5.333420e+006
1.232338e+006 -4.166087e+006 5.332348e+006
1.239826e+006 -4.165245e+006 5.331270e+006
1.247314e+006 -4.164398e+006 5.330186e+006
1.254799e+006 -4.163545e+006 5.329095e+006
1.262283e+006 -4.162687e+006 5.327997e+006
1.269766e+006 -4.161825e+006 5.326893e+006
1.277247e+006 -4.160957e+006 5.325782e+006
1.284726e+006 -4.160084e+006 5.324665e+006
1.292204e+006 -4.159206e+006 5.323541e+006
1.299681e+006 -4.158323e+006 5.322411e+006
1.307155e+006 -4.157435e+006 5.321274e+006
1.314628e+006 -4.156542e+006 5.320131e+006
1.322100e+006 -4.155643e+006 5.318981e+006
1.329570e+006 -4.154740e+006 5.317825e+006
1.337038e+006 -4.153831e+006 5.316662e+006
1.344505e+006 -4.152918e+006 5.315492e+006
1.351969e+006 -4.151999e+006 5.314317e+006
1.359433e+006 -4.151075e+006 5.313134e+006
1.366894e+006 -4.150146e+006 5.311945e+006
1.374354e+006 -4.149213e+006 5.310750e+006
1.381813e+006 -4.148273e+006 5.309548e+006
1.389269e+006 -4.147329e+006 5.308340e+006
1.396724e+006 -4.146380e+006 5.307125e+006
1.404177e+006 -4.145426e+006 5.305903e+006
1.411629e+006 -4.144467e+006 5.304675e+006
1.419078e+006 -4.143502e+006 5.303441e+006
1.426526e+006 -4.142533e+006 5.302200e+006
1.433973e+006 -4.141558e+006 5.300953e+006
1.441417e+006 -4.140578e+006 5.299699e+006
1.448860e+006 -4.139594e+006 5.298438e+006
1.456301e+006 -4.138604e+006 5.297171e+006
1.463740e+006 -4.137609e+006 5.295898e+006
1.471177e+006 -4.136609e+006 5.294618e+006
1.478613e+006 -4.135604e+006 5.293332e+006
1.486047e+006 -4.134594e+006 5.292039e+006
1.493479e+006 -4.133579e+006 5.290740e+006
1.500909e+006 -4.132559e+006 5.289434e+006
1.508337e+006 -4.131533e+006 5.288122e+006
1.515763e+006 -4.130503e+006 5.286803e+006
1.523188e+006 -4.129468e+006 5.285478e+006
1.530611e+006 -4.128427e+006 5.284146e+006
1.538031e+006 -4.127382e+006 5.282808e+006
1.545450e+006 -4.126331e+006 5.281463e+006
1.552867e+006 -4.125276e+006 5.280112e+006
1.560282e+006 -4.124215e+006 5.278754e+006
1.567696e+006 -4.123149e+006 5.277390e+006
1.575107e+006 -4.122078e+006 5.276020e+006
1.582516e+006 -4.121003e+006 5.274643e+006
1.589924e+006 -4.119922e+006 5.273259e+006
1.597329e+006 -4.118836e+006 5.271870e+006
1.604733e+006 -4.117745e+006 5.270473e+006
1.612134e+006 -4.116649e+006 5.269070e+006
1.619534e+006 -4.115548e+006 5.267661e+006
1.626932e+006 -4.114442e+006 5.266245e+006
1.634327e+006 -4.113331e+006 5.264823e+006
1.641721e+006 -4.112215e+006 5.263395e+006
1.649112e+006 -4.111093e+006 5.261960e+006
1.656502e+006 -4.109967e+006 5.260518e+006
1.663890e+006 -4.108836e+006 5.259070e+006
1.671275e+006 -4.107700e+006 5.257616e+006
1.678659e+006 -4.106558e+006 5.256155e+006
1.686040e+006 -4.105412e+006 5.254688e+006
1.693419e+006 -4.104260e+006 5.253214e+006
1.700797e+006 -4.103104e+006 5.251734e+006
1.708172e+006 -4.101943e+006 5.250247e+006
1.715545e+006 -4.100776e+006 5.248754e+006
1.722916e+006 -4.099605e+006 5.247255e+006
1.730285e+006 -4.098428e+006 5.245749e+006
1.737651e+006 -4.097247e+006 5.244236e+006
1.745016e+006 -4.096060e+006 5.242718e+006
1.752379e+006 -4.094868e+006 5.241193e+006
1.759739e+006 -4.093672e+006 5.239661e+006
1.767097e+006 -4.092470e+006 5.238123e+006
1.774453e+006 -4.091264e+006 5.236579e+006
1.781807e+006 -4.090052e+006 5.235028e+006
1.789159e+006 -4.088835e+006 5.233471e+006
1.796508e+006 -4.087614e+006 5.231907e+006
1.803855e+006 -4.086387e+006 5.230337e+006
1.811201e+006 -4.085155e+006 5.228761e+006
1.818543e+006 -4.083919e+006 5.227178e+006
1.825884e+006 -4.082677e+006 5.225588e+006
1.833222e+006 -4.081430e+006 5.223993e+006
1.840559e+006 -4.080179e+006 5.222391e+006
1.847892e+006 -4.078922e+006 5.220782e+006
1.855224e+006 -4.077660e+006 5.219167e+006
1.862553e+006 -4.076394e+006 5.217546e+006
1.869880e+006 -4.075122e+006 5.215918e+006
1.877205e+006 -4.073845e+006 5.214284e+006
1.884528e+006 -4.072564e+006 5.212644e+006
1.891848e+006 -4.071277e+006 5.210997e+006
1.899166e+006 -4.069986e+006 5.209344e+006
1.906481e+006 -4.068689e+006 5.207684e+006
1.913794e+006 -4.067387e+006 5.206019e+006
1.921105e+006 -4.066081e+006 5.204346e+006
1.928414e+006 -4.064769e+006 5.202668e+006
1.935720e+006 -4.063453e+006 5.200982e+006
1.943024e+006 -4.062131e+006 5.199291e+006
1.950325e+006 -4.060805e+006 5.197593e+006
1.957624e+006 -4.059473e+006 5.195889e+006
1.964921e+006 -4.058137e+006 5.194178e+006
1.972215e+006 -4.056796e+006 5.192462e+006
1.979507e+006 -4.055449e+006 5.190738e+006
1.986796e+006 -4.054098e+006 5.189009e+006
1.994083e+006 -4.052742e+006 5.187273e+006
2.001367e+006 -4.051380e+006 5.185530e+006
2.008649e+006 -4.050014e+006 5.183782e+006
2.015929e+006 -4.048643e+006 5.182027e+006
2.023206e+006 -4.047267e+006 5.180265e+006
2.030481e+006 -4.045886e+006 5.178498e+006
2.037753e+006 -4.044500e+006 5.176723e+006
2.045022e+006 -4.043109e+006 5.174943e+006
2.052289e+006 -4.041713e+006 5.173156e+006
2.059554e+006 -4.040312e+006 5.171363e+006
2.066816e+006 -4.038906e+006 5.169564e+006
2.074076e+006 -4.037495e+006 5.167758e+006
2.081333e+006 -4.036079e+006 5.165946e+006
2.088587e+006 -4.034659e+006 5.164127e+006
2.095839e+006 -4.033233e+006 5.162303e+006
2.103088e+006 -4.031802e+006 5.160472e+006
2.110335e+006 -4.030367e+006 5.158634e+006
2.117579e+006 -4.028926e+006 5.156791e+006
2.124821e+006 -4.027481e+006 5.154941e+006
2.132060e+006 -4.026031e+006 5.153084e+006
2.139296e+006 -4.024575e+006 5.151222e+006
2.146530e+006 -4.023115e+006 5.149353e+006
2.153761e+006 -4.021650e+006 5.147477e+006
2.160990e+006 -4.020180e+006 5.145596e+006
2.168215e+006 -4.018705e+006 5.143708e+006
2.175439e+006 -4.017225e+006 5.141814e+006
2.182659e+006 -4.015740e+006 5.139913e+006
2.189877e+006 -4.014251e+006 5.138006e+006
2.197092e+006 -4.012756e+006 5.136093e+006
2.204305e+006 -4.011256e+006 5.134174e+006
2.211514e+006 -4.009752e+006 5.132248e+006
2.218721e+006 -4.008242e+006 5.130316e+006
2.225926e+006 -4.006728e+006 5.128378e+006
2.233127e+006 -4.005209e+006 5.126434e+006
2.240326e+006 -4.003685e+006 5.124483e+006
2.247522e+006 -4.002156e+006 5.122526e+006
2.254716e+006 -4.000622e+006 5.120563e+006
2.261906e+006 -3.999083e+006 5.118593e+006
2.269094e+006 -3.997539e+006 5.116617e+006
2.276279e+006 -3.995991e+006 5.114635e+006
2.283461e+006 -3.994437e+006 5.112646e+006
2.290641e+006 -3.992879e+006 5.110652e+006
2.297818e+006 -3.991315e+006 5.108651e+006
2.304991e+006 -3.989747e+006 5.106644e+006
2.312163e+006 -3.988174e+006 5.104630e+006
2.319331e+006 -3.986596e+006 5.102611e+006
2.326496e+006 -3.985013e+006 5.100585e+006
2.333659e+006 -3.983426e+006 5.098552e+006
2.340818e+006 -3.981833e+006 5.096514e+006
2.347975e+006 -3.980236e+006 5.094469e+006
2.355129e+006 -3.978633e+006 5.092418e+006
2.362280e+006 -3.977026e+006 5.090361e+006
2.369428e+006 -3.975414e+006 5.088298e+006
2.376573e+006 -3.973797e+006 5.086228e+006
2.383716e+006 -3.972175e+006 5.084152e+006
2.390855e+006 -3.970548e+006 5.082070e+006
2.397991e+006 -3.968917e+006 5.079982e+006
2.405125e+006 -3.967280e+006 5.077887e+006
2.412256e+006 -3.965639e+006 5.075787e+006
2.419383e+006 -3.963993e+006 5.073680e+006
2.426508e+006 -3.962342e+006 5.071566e+006
2.433630e+006 -3.960686e+006 5.069447e+006
2.440748e+006 -3.959025e+006 5.067321e+006
2.447864e+006 -3.957360e+006 5.065189e+006
2.454977e+006 -3.955689e+006 5.063051e+006
2.462086e+006 -3.954014e+006 5.060907e+006
2.469193e+006 -3.952334e+006 5.058757e+006
2.476297e+006 -3.950649e+006 5.056600e+006
2.483397e+006 -3.948959e+006 5.054437e+006
2.490495e+006 -3.947265e+006 5.052268e+006
2.497590e+006 -3.945565e+006 5.050093e+006
2.504681e+006 -3.943861e+006 5.047912e+006
2.511769e+006 -3.942152e+006 5.045724e+006
2.518855e+006 -3.940438e+006 5.043530e+006
2.525937e+006 -3.938719e+006 5.041330e+006
2.533016e+006 -3.936995e+006 5.039124e+006
2.540092e+006 -3.935267e+006 5.036912e+006
2.547165e+006 -3.933534e+006 5.034694e+006
2.554235e+006 -3.931796e+006 5.032469e+006
2.561302e+006 -3.930053e+006 5.030238e+006
2.568365e+006 -3.928305e+006 5.028001e+006
2.575426e+006 -3.926553e+006 5.025758e+006
2.582483e+006 -3.924795e+006 5.023509e+006
2.589537e+006 -3.923033e+006 5.021254e+006
2.596588e+006 -3.921266e+006 5.018992e+006
2.603636e+006 -3.919495e+006 5.016724e+006
2.610680e+006 -3.917718e+006 5.014450e+006
2.617722e+006 -3.915937e+006 5.012170e+006
2.624760e+006 -3.914151e+006 5.009884e+006
2.631795e+006 -3.912360e+006 5.007592e+006
2.638826e+006 -3.910564e+006 5.005294e+006
2.645855e+006 -3.908763e+006 5.002989e+006
2.652880e+006 -3.906958e+006 5.000678e+006
2.659902e+006 -3.905148e+006 4.998362e+006
2.666921e+006 -3.903333e+006 4.996039e+006
2.673936e+006 -3.901514e+006 4.993710e+006
2.680949e+006 -3.899689e+006 4.991374e+006
2.687957e+006 -3.897860e+006 4.989033e+006
2.694963e+006 -3.896026e+006 4.986686e+006
2.701965e+006 -3.894187e+006 4.984332e+006
2.708964e+006 -3.892344e+006 4.981973e+006
2.715960e+006 -3.890495e+006 4.979607e+006
2.722952e+006 -3.888642e+006 4.977235e+006
2.729941e+006 -3.886784e+006 4.974857e+006
2.736927e+006 -3.884922e+006 4.972473e+006
2.743909e+006 -3.883055e+006 4.970083e+006
2.750888e+006 -3.881182e+006 4.967687e+006
2.757864e+006 -3.879306e+006 4.965285e+006
2.764836e+006 -3.877424e+006 4.962876e+006
2.771805e+006 -3.875538e+006 4.960462e+006
2.778770e+006 -3.873647e+006 4.958042e+006
2.785732e+006 -3.871751e+006 4.955615e+006
2.792691e+006 -3.869850e+006 4.953182e+006
2.799646e+006 -3.867945e+006 4.950744e+006
2.806598e+006 -3.866035e+006 4.948299e+006
2.813546e+006 -3.864120e+006 4.945848e+006
2.820491e+006 -3.862200e+006 4.943391e+006
2.827433e+006 -3.860276e+006 4.940928e+006
2.834371e+006 -3.858347e+006 4.938459e+006
2.841305e+006 -3.856413e+006 4.935984e+006
2.848236e+006 -3.854475e+006 4.933503e+006
2.855164e+006 -3.852532e+006 4.931016e+006
2.862088e+006 -3.850584e+006 4.928523e+006
2.869008e+006 -3.848631e+006 4.926023e+006
2.875925e+006 -3.846674e+006 4.923518e+006
2.882839e+006 -3.844712e+006 4.921007e+006
2.889749e+006 -3.842745e+006 4.918490e+006
2.896655e+006 -3.840774e+006 4.915966e+006
2.903558e+006 -3.838798e+006 4.913437e+006
2.910457e+006 -3.836817e+006 4.910902e+006
2.917353e+006 -3.834831e+006 4.908360e+006
2.924245e+006 -3.832841e+006 4.905813e+006
2.931134e+006 -3.830846e+006 4.903259e+006
2.938019e+006 -3.828846e+006 4.900700e+006
2.944900e+006 -3.826842e+006 4.898135e+006
2.951778e+006 -3.824833e+006 4.895563e+006
2.958652e+006 -3.822819e+006 4.892986e+006
2.965522e+006 -3.820801e+006 4.890402e+006
2.972389e+006 -3.818778e+006 4.887813e+006
2.979253e+006 -3.816750e+006 4.885217e+006
2.986112e+006 -3.814718e+006 4.882616e+006
2.992968e+006 -3.812681e+006 4.880009e+006
2.999821e+006 -3.810639e+006 4.877395e+006
3.006669e+006 -3.808593e+006 4.874776e+006
3.013514e+006 -3.806541e+006 4.872151e+006
3.020355e+006 -3.804486e+006 4.869520e+006
3.027193e+006 -3.802425e+006 4.866882e+006
3.034027e+006 -3.800360e+006 4.864239e+006
3.040857e+006 -3.798290e+006 4.861590e+006
3.047683e+006 -3.796216e+006 4.858935e+006
3.054506e+006 -3.794137e+006 4.856274e+006
3.061325e+006 -3.792053e+006 4.853607e+006
3.068140e+006 -3.789965e+006 4.850934e+006
3.074951e+006 -3.787872e+006 4.848255e+006
3.081759e+006 -3.785774e+006 4.845570e+006
3.088563e+006 -3.783672e+006 4.842880e+006
3.095363e+006 -3.781565e+006 4.840183e+006
3.102159e+006 -3.779454e+006 4.837480e+006
3.108952e+006 -3.777338e+006 4.834772e+006
3.115741e+006 -3.775217e+006 4.832057e+006
3.122525e+006 -3.773091e+006 4.829337e+006
3.129306e+006 -3.770961e+006 4.826611e+006
3.136084e+006 -3.768827e+006 4.823878e+006
3.142857e+006 -3.766688e+006 4.821140e+006
3.149627e+006 -3.764544e+006 4.818396e+006
3.156392e+006 -3.762395e+006 4.815646e+006
3.163154e+006 -3.760242e+006 4.812890e+006
3.169912e+006 -3.758084e+006 4.810129e+006
3.176666e+006 -3.755922e+006 4.807361e+006
3.183416e+006 -3.753755e+006 4.804588e+006
3.190162e+006 -3.751584e+006 4.801808e+006
3.196905e+006 -3.749408e+006 4.799023e+006
3.203643e+006 -3.747227e+006 4.796232e+006
3.210378e+006 -3.745042e+006 4.793435e+006
3.217108e+006 -3.742852e+006 4.790632e+006
3.223835e+006 -3.740657e+006 4.787823e+006
3.230557e+006 -3.738458e+006 4.785008e+006
3.237276e+006 -3.736255e+006 4.782188e+006
3.243991e+006 -3.734047e+006 4.779362e+006
3.250702e+006 -3.731834e+006 4.776529e+006
3.257409e+006 -3.729616e+006 4.773691e+006
3.264111e+006 -3.727395e+006 4.770847e+006
3.270810e+006 -3.725168e+006 4.767998e+006
3.277505e+006 -3.722937e+006 4.765142e+006
3.284196e+006 -3.720701e+006 4.762281e+006
3.290882e+006 -3.718461e+006 4.759413e+006
3.297565e+006 -3.716217e+006 4.756540e+006
3.304244e+006 -3.713967e+006 4.753661e+006
3.310919e+006 -3.711714e+006 4.750777e+006
3.317589e+006 -3.709455e+006 4.747886e+006
3.324256e+006 -3.707192e+006 4.744990e+006
3.330918e+006 -3.704925e+006 4.742088e+006
3.337576e+006 -3.702653e+006 4.739180e+006
3.344231e+006 -3.700376e+006 4.736266e+006
3.350881e+006 -3.698095e+006 4.733346e+006
3.357527e+006 -3.695810e+006 4.730421e+006
3.364169e+006 -3.693520e+006 4.727490e+006
3.370807e+006 -3.691225e+006 4.724553e+006
3.377441e+006 -3.688926e+006 4.721610e+006
3.384070e+006 -3.686622e+006 4.718661e+006
3.390696e+006 -3.684314e+006 4.715707e+006
3.397317e+006 -3.682001e+006 4.712747e+006
3.403934e+006 -3.679684e+006 4.709781e+006
3.410547e+006 -3.677362e+006 4.706809e+006
3.417156e+006 -3.675036e+006 4.703832e+006
3.423760e+006 -3.672705e+006 4.700849e+006
3.430361e+006 -3.670370e+006 4.697860e+006
3.436957e+006 -3.668031e+006 4.694865e+006
3.443549e+006 -3.665686e+006 4.691865e+006
3.450137e+006 -3.663338e+006 4.688858e+006
3.456720e+006 -3.660984e+006 4.685846e+006
3.463299e+006 -3.658627e+006 4.682829e+006
3.469875e+006 -3.656265e+006 4.679805e+006
3.476445e+006 -3.653898e+006 4.676776e+006
3.483012e+006 -3.651527e+006 4.673741e+006
3.489574e+006 -3.649151e+006 4.670701e+006
3.496132e+006 -3.646771e+006 4.667654e+006
3.502686e+006 -3.644387e+006 4.664602e+006
3.509235e+006 -3.641998e+006 4.661545e+006
3.515781e+006 -3.639604e+006 4.658481e+006
3.522321e+006 -3.637206e+006 4.655412e+006
3.528858e+006 -3.634804e+006 4.652337e+006
3.535390e+006 -3.632397e+006 4.649256e+006
3.541918e+006 -3.629986e+006 4.646170e+006
3.548441e+006 -3.627570e+006 4.643078e+006
3.554961e+006 -3.625150e+006 4.639981e+006
3.561475e+006 -3.622726e+006 4.636877e+006
3.567986e+006 -3.620297e+006 4.633768e+006
3.574492e+006 -3.617863e+006 4.630654e+006
3.580994e+006 -3.615425e+006 4.627533e+006
3.587491e+006 -3.612983e+006 4.624407e+006
3.593984e+006 -3.610536e+006 4.621275e+006
3.600472e+006 -3.608085e+006 4.618138e+006
3.606957e+006 -3.605629e+006 4.614995e+006
3.613436e+006 -3.603169e+006 4.611846e+006
3.619912e+006 -3.600705e+006 4.608692e+006
3.626382e+006 -3.598236e+006 4.605532e+006
3.632849e+006 -3.595763e+006 4.602367e+006
3.639311e+006 -3.593285e+006 4.599195e+006
3.645768e+006 -3.590803e+006 4.596018e+006
3.652221e+006 -3.588317e+006 4.592836e+006
3.658670e+006 -3.585826e+006 4.589648e+006
3.665114e+006 -3.583331e+006 4.586454e+006
3.671553e+006 -3.580831e+006 4.583255e+006
3.677989e+006 -3.578327e+006 4.580050e+006
3.684419e+006 -3.575819e+006 4.576839e+006
3.690845e+006 -3.573306e+006 4.573623e+006
3.697267e+006 -3.570789e+006 4.570401e+006
3.703684e+006 -3.568267e+006 4.567174e+006
3.710096e+006 -3.565741e+006 4.563941e+006
3.716504e+006 -3.563211e+006 4.560702e+006
3.722907e+006 -3.560676e+006 4.557458e+006
3.729306e+006 -3.558137e+006 4.554208e+006
3.735701e+006 -3.555594e+006 4.550953e+006
3.742090e+006 -3.553046e+006 4.547692e+006
3.748475e+006 -3.550494e+006 4.544425e+006
3.754856e+006 -3.547938e+006 4.541153e+006
3.761232e+006 -3.545377e+006 4.537876e+006
3.767603e+006 -3.542812e+006 4.534593e+006
3.773970e+006 -3.540243e+006 4.531304e+006
3.780332e+006 -3.537669e+006 4.528010e+006
3.786689e+006 -3.535091e+006 4.524710e+006
3.793042e+006 -3.532508e+006 4.521404e+006
3.799390e+006 -3.529921e+006 4.518093e+006
3.805734e+006 -3.527330e+006 4.514777e+006
3.812072e+006 -3.524735e+006 4.511455e+006
3.818406e+006 -3.522135e+006 4.508128e+006
3.824736e+006 -3.519531e+006 4.504795e+006
3.831061e+006 -3.516923e+006 4.501456e+006
3.837381e+006 -3.514310e+006 4.498112e+006
3.843696e+006 -3.511693e+006 4.494762e+006
3.850007e+006 -3.509072e+006 4.491407e+006
3.856313e+006 -3.506446e+006 4.488047e+006
3.862614e+006 -3.503817e+006 4.484681e+006
3.868911e+006 -3.501182e+006 4.481309e+006
3.875202e+006 -3.498544e+006 4.477932e+006
3.881489e+006 -3.495901e+006 4.474549e+006
3.887772e+006 -3.493254e+006 4.471161e+006
3.894049e+006 -3.490603e+006 4.467768e+006
3.900322e+006 -3.487947e+006 4.464369e+006
3.906590e+006 -3.485288e+006 4.460965e+006
3.912853e+006 -3.482623e+006 4.457555e+006
3.919111e+006 -3.479955e+006 4.454139e+006
3.925365e+006 -3.477282e+006 4.450718e+006
3.931614e+006 -3.474605e+006 4.447292e+006
3.937858e+006 -3.471924e+006 4.443861e+006
3.944097e+006 -3.469239e+006 4.440423e+006
3.950331e+006 -3.466549e+006 4.436981e+006
3.956561e+006 -3.463855e+006 4.433533e+006
3.962785e+006 -3.461157e+006 4.430079e+006
3.969005e+006 -3.458455e+006 4.426620e+006
3.975220e+006 -3.455748e+006 4.423156e+006
3.981430e+006 -3.453037e+006 4.419686e+006
3.987635e+006 -3.450322e+006 4.416211e+006
3.993835e+006 -3.447603e+006 4.412731e+006
4.000031e+006 -3.444879e+006 4.409245e+006
4.006221e+006 -3.442152e+006 4.405753e+006
4.012407e+006 -3.439420e+006 4.402257e+006
4.018587e+006 -3.436684e+006 4.398754e+006
4.024763e+006 -3.433943e+006 4.395247e+006
4.030934e+006 -3.431199e+006 4.391734e+006
4.037100e+006 -3.428450e+006 4.388216e+006
4.043261e+006 -3.425697e+006 4.384692e+006
4.049417e+006 -3.422940e+006 4.381163e+006
4.055568e+006 -3.420178e+006 4.377628e+006
4.061714e+006 -3.417413e+006 4.374089e+006
4.067855e+006 -3.414643e+006 4.370543e+006
4.073991e+006 -3.411869e+006 4.366993e+006
4.080122e+006 -3.409091e+006 4.363437e+006
4.086248e+006 -3.406308e+006 4.359876e+006
4.092369e+006 -3.403522e+006 4.356309e+006
4.098485e+006 -3.400731e+006 4.352738e+006
4.104596e+006 -3.397936e+006 4.349160e+006
4.110702e+006 -3.395138e+006 4.345578e+006
4.116803e+006 -3.392334e+006 4.341990e+006
4.122899e+006 -3.389527e+006 4.338397e+006
4.128990e+006 -3.386716e+006 4.334798e+006
4.135076e+006 -3.383900e+006 4.331195e+006
4.141157e+006 -3.381080e+006 4.327585e+006
4.147232e+006 -3.378256e+006 4.323971e+006
4.153303e+006 -3.375428e+006 4.320351e+006
4.159369e+006 -3.372596e+006 4.316726e+006
4.165429e+006 -3.369760e+006 4.313096e+006
4.171484e+006 -3.366920e+006 4.309461e+006
4.177535e+006 -3.364075e+006 4.305820e+006
4.183580e+006 -3.361226e+006 4.302174e+006
4.189620e+006 -3.358374e+006 4.298522e+006
4.195654e+006 -3.355517e+006 4.294866e+006
4.201684e+006 -3.352656e+006 4.291204e+006
4.207709e+006 -3.349791e+006 4.287536e+006
4.213728e+006 -3.346921e+006 4.283864e+006
4.219742e+006 -3.344048e+006 4.280186e+006
4.225751e+006 -3.341171e+006 4.276503e+006
4.231755e+006 -3.338289e+006 4.272815e+006
4.237754e+006 -3.335404e+006 4.269122e+006
4.243748e+006 -3.332514e+006 4.265423e+006
4.249736e+006 -3.329620e+006 4.261719e+006
4.255719e+006 -3.326722e+006 4.258010e+006
4.261697e+006 -3.323820e+006 4.254296e+006
4.267670e+006 -3.320914e+006 4.250577e+006
4.273637e+006 -3.318004e+006 4.246852e+006
4.279599e+006 -3.315090e+006 4.243122e+006
4.285556e+006 -3.312172e+006 4.239387e+006
4.291508e+006 -3.309250e+006 4.235647e+006
4.297454e+006 -3.306324e+006 4.231901e+006
4.303396e+006 -3.303393e+006 4.228151e+006
4.309332e+006 -3.300459e+006 4.224395e+006
4.315262e+006 -3.297520e+006 4.220634e+006
4.321188e+006 -3.294578e+006 4.216868e+006
4.327108e+006 -3.291632e+006 4.213096e+006
4.333022e+006 -3.288681e+006 4.209320e+006
4.338932e+006 -3.285726e+006 4.205538e+006
4.344836e+006 -3.282768e+006 4.201751e+006
4.350735e+006 -3.279805e+006 4.197959e+006
4.356628e+006 -3.276839e+006 4.194162e+006
4.362517e+006 -3.273868e+006 4.190360e+006
4.368399e+006 -3.270893e+006 4.186553e+006
4.374277e+006 -3.267915e+006 4.182740e+006
4.380149e+006 -3.264932e+006 4.178922e+006
4.386016e+006 -3.261945e+006 4.175100e+006
4.391877e+006 -3.258955e+006 4.171272e+006
4.397733e+006 -3.255960e+006 4.167439e+006
4.403584e+006 -3.252961e+006 4.163601e+006
4.409429e+006 -3.249959e+006 4.159758e+006
4.415269e+006 -3.246952e+006 4.155909e+006
4.421103e+006 -3.243942e+006 4.152056e+006
4.426932e+006 -3.240927e+006 4.148197e+006
4.432756e+006 -3.237909e+006 4.144334e+006
4.438574e+006 -3.234886e+006 4.140465e+006
4.444387e+006 -3.231860e+006 4.136592e+006
4.450194e+006 -3.228829e+006 4.132713e+006
4.455996e+006 -3.225795e+006 4.128829e+006
4.461792e+006 -3.222757e+006 4.124940e+006
4.467583e+006 -3.219714e+006 4.121046e+006
4.473368e+006 -3.216668e+006 4.117147e+006
4.479148e+006 -3.213618e+006 4.113243e+006
4.484923e+006 -3.210564e+006 4.109334e+006
4.490692e+006 -3.207506e+006 4.105420e+006
4.496455e+006 -3.204444e+006 4.101501e+006
4.502213e+006 -3.201378e+006 4.097577e+006
4.507965e+006 -3.198308e+006 4.093648e+006
4.513712e+006 -3.195234e+006 4.089714e+006
4.519454e+006 -3.192157e+006 4.085774e+006
4.525189e+006 -3.189075e+006 4.081830e+006
4.530920e+006 -3.185990e+006 4.077881e+006
4.536644e+006 -3.182901e+006 4.073927e+006
4.542364e+006 -3.179807e+006 4.069968e+006
4.548077e+006 -3.176710e+006 4.066004e+006
4.553785e+006 -3.173609e+006 4.062034e+006
4.559488e+006 -3.170504e+006 4.058060e+006
4.565185e+006 -3.167395e+006 4.054081e+006
4.570876e+006 -3.164283e+006 4.050097e+006
4.576562e+006 -3.161166e+006 4.046108e+006
4.582242e+006 -3.158046e+006 4.042114e+006
4.587916e+006 -3.154921e+006 4.038115e+006
4.593585e+006 -3.151793e+006 4.034111e+006
4.599248e+006 -3.148661e+006 4.030103e+006
4.604906e+006 -3.145525e+006 4.026089e+006
4.610558e+006 -3.142386e+006 4.022070e+006
4.616204e+006 -3.139242e+006 4.018047e+006
4.621845e+006 -3.136095e+006 4.014018e+006
4.627480e+006 -3.132943e+006 4.009985e+006
4.633109e+006 -3.129788e+006 4.005946e+006
4.638733e+006 -3.126629e+006 4.001903e+006
4.644351e+006 -3.123466e+006 3.997855e+006
4.649963e+006 -3.120300e+006 3.993802e+006
4.655570e+006 -3.117129e+006 3.989744e+006
4.661170e+006 -3.113955e+006 3.985681e+006
4.666766e+006 -3.110777e+006 3.981613e+006
4.672355e+006 -3.107595e+006 3.977541e+006
4.677939e+006 -3.104410e+006 3.973463e+006
4.683517e+006 -3.101220e+006 3.969381e+006
4.689089e+006 -3.098027e+006 3.965294e+006
4.694655e+006 -3.094830e+006 3.961202e+006
4.700216e+006 -3.091629e+006 3.957105e+006
4.705771e+006 -3.088424e+006 3.953003e+006
