-60.428958 -3.823556 40.507658
-60.704364 -3.307734 40.836657
-61.464209 -2.822590 40.852976
-62.502225 -2.497407 40.823895
-63.549684 -2.323032 40.843134
-64.596538 -2.183607 40.868288
-65.643202 -2.052380 40.896452
-66.689907 -1.923687 40.927393
-67.736719 -1.796357 40.961050
-68.783662 -1.670165 40.997379
-69.830751 -1.545085 41.036337
-70.878000 -1.421128 41.077881
-71.925421 -1.298312 41.121967
-72.973026 -1.176657 41.168551
-74.020828 -1.056180 41.217590
-75.068838 -0.936897 41.269038
-76.117067 -0.818822 41.322850
-77.165525 -0.701966 41.378982
-78.214224 -0.586340 41.437388
-79.263172 -0.471949 41.498023
-80.312381 -0.358801 41.560839
-81.361860 -0.246898 41.625793
-82.411618 -0.136240 41.692837
-83.461663 -0.026825 41.761927
-84.512005 0.081349 41.833015
-85.562652 0.188291 41.906057
-86.613611 0.294010 41.981007
-87.664892 0.398517 42.057820
-88.716501 0.501829 42.136449
-89.768447 0.603964 42.216852
-90.820736 0.704942 42.298983
-91.873375 0.804789 42.382798
-92.926372 0.903532 42.468254
-93.979733 1.001203 42.555308
-95.033475 1.097840 42.643919
-96.087596 1.193479 42.734044
-97.142101 1.288165 42.825643
-98.196998 1.381945 42.918677
-99.252291 1.474872 43.013106
-100.307987 1.567003 43.108894
-101.364093 1.658403 43.206003
-102.420616 1.749139 43.304399
-103.477560 1.839288 43.404048
-104.534934 1.928930 43.504919
-105.592744 2.018155 43.606979
-106.650996 2.107059 43.710202
-107.709698 2.195750 43.814561
-108.768855 2.284342 43.920031
-109.828475 2.372961 44.026590
-110.888566 2.461745 44.134219
-111.949134 2.550845 44.242901
-113.010187 2.640429 44.352623
-114.071732 2.730679 44.463375
-115.133776 2.821798 44.575151
-116.196328 2.914018 44.687948
-117.259395 3.007601 44.801770
-118.322984 3.102834 44.916625
-119.387100 3.200038 45.032527
-120.451747 3.299575 45.149496
-121.516929 3.401864 45.267562
-122.582645 3.507392 45.386760
-123.648795 3.616870 45.507133
-124.715251 3.733664 45.628821
-125.782149 3.861243 45.752020
-126.849331 4.001549 45.876889
-127.912436 4.155655 46.003305
-128.854867 4.301147 46.122537
-129.614002 4.420193 46.229138
-130.176439 4.506033 46.321177
-130.530865 4.554417 46.397023
-130.679521 4.564874 46.456580
-130.695037 4.550545 46.505627
-130.700967 4.533368 46.554009
-130.706692 4.513742 46.602432
-130.712169 4.491174 46.650864
-130.717384 4.465668 46.699291
-130.722346 4.437465 46.747708
-130.727076 4.406899 46.796113
-130.731601 4.374322 46.844506
-130.735944 4.340067 46.892888
-130.740129 4.304425 46.941259
-130.744177 4.267651 46.989622
-130.748106 4.229958 47.037976
-130.751932 4.191520 47.086322
-130.755666 4.152481 47.134660
-130.759320 4.112961 47.182992
-130.762902 4.073052 47.231317
-130.766418 4.032832 47.279636
-130.769876 3.992363 47.327949
-130.773279 3.951693 47.376256
-130.776631 3.910863 47.424557
-130.779935 3.869904 47.472853
-130.783194 3.828842 47.521143
-130.786410 3.787696 47.569429
-130.789584 3.746484 47.617709
-130.792717 3.705218 47.665984
-130.795811 3.663908 47.714254
-130.798867 3.622563 47.762520
-130.801885 3.581190 47.810781
-130.804866 3.539793 47.859036
-130.807809 3.498377 47.907288
-130.810716 3.456945 47.955534
-130.813587 3.415500 48.003776
-130.816423 3.374045 48.052014
-130.819222 3.332580 48.100247
-130.821985 3.291108 48.148476
-130.824714 3.249629 48.196701
-130.827406 3.208145 48.244921
-130.830064 3.166655 48.293137
-130.832686 3.125161 48.341349
-130.835273 3.083663 48.389557
-130.837825 3.042161 48.437760
-130.840341 3.000657 48.485960
-130.842823 2.959149 48.534156
-130.845269 2.917639 48.582348
-130.847681 2.876125 48.630536
-130.850057 2.834610 48.678720
-130.852399 2.793092 48.726901
-130.854705 2.751572 48.775078
-130.856977 2.710050 48.823251
-130.859213 2.668525 48.871420
-130.861415 2.626999 48.919586
-130.863581 2.585470 48.967749
-130.865713 2.543940 49.015908
-130.867810 2.502408 49.064064
-130.869871 2.460874 49.112216
-130.871898 2.419339 49.160365
-130.873890 2.377801 49.208511
-130.875847 2.336262 49.256654
-130.877769 2.294722 49.304794
-130.879657 2.253184 49.352930
-130.881511 2.211654 49.401064
-130.883332 2.170132 49.449194
-130.885119 2.128619 49.497322
-130.886873 2.087115 49.545448
-130.888594 2.045617 49.593570
-130.890280 2.004125 49.641690
-130.891933 1.962637 49.689808
-130.893552 1.921152 49.737922
-130.895136 1.879670 49.786035
-130.896686 1.838190 49.834144
-130.898202 1.796711 49.882252
-130.899683 1.755233 49.930357
-130.901130 1.713756 49.978460
-130.902543 1.672278 50.026560
-130.903920 1.630801 50.074658
-130.905264 1.589323 50.122754
-130.906572 1.547845 50.170848
-130.907846 1.506366 50.218940
-130.909086 1.464887 50.267030
-130.910290 1.423407 50.315118
-130.911461 1.381926 50.363205
-130.912596 1.340444 50.411289
-130.913697 1.298962 50.459371
-130.914763 1.257479 50.507452
-130.915794 1.215995 50.555531
-130.916791 1.174510 50.603609
-130.917753 1.133025 50.651684
-130.918680 1.091539 50.699759
-130.919573 1.050052 50.747832
-130.920431 1.008564 50.795903
-130.921255 0.967076 50.843973
-130.922043 0.925587 50.892041
-130.922797 0.884098 50.940109
-130.923517 0.842608 50.988175
-130.924201 0.801117 51.036240
-130.924851 0.759626 51.084303
-130.925467 0.718134 51.132366
-130.926047 0.676642 51.180428
-130.926593 0.635149 51.228488
-130.927105 0.593656 51.276548
-130.927581 0.552162 51.324607
-130.928024 0.510668 51.372665
-130.928431 0.469174 51.420722
-130.928804 0.427679 51.468778
-130.929142 0.386184 51.516834
-130.929445 0.344689 51.564889
-130.929714 0.303194 51.612943
-130.929948 0.261698 51.660997
-130.930147 0.220202 51.709051
-130.930312 0.178706 51.757104
-130.930442 0.137210 51.805156
-130.930538 0.095714 51.853209
-130.930598 0.054217 51.901261
-130.930624 0.012721 51.949312
-130.930616 -0.028775 51.997364
-130.930573 -0.070272 52.045415
-130.930495 -0.111768 52.093466
-130.930382 -0.153264 52.141518
-130.930235 -0.194760 52.189569
-130.930053 -0.236256 52.237620
-130.929837 -0.277752 52.285672
-130.929586 -0.319248 52.333723
-130.929300 -0.360743 52.381775
-130.928980 -0.402239 52.429827
-130.928624 -0.443734 52.477880
-130.928235 -0.485228 52.525932
-130.927810 -0.526723 52.573986
-130.927351 -0.568217 52.622039
-130.926857 -0.609710 52.670093
-130.926329 -0.651204 52.718148
-130.925766 -0.692696 52.766204
-130.925168 -0.734189 52.814260
-130.924535 -0.775680 52.862316
-130.923868 -0.817172 52.910374
-130.923166 -0.858662 52.958432
-130.922430 -0.900152 53.006491
-130.921659 -0.941642 53.054551
-130.920853 -0.983131 53.102612
-130.920012 -1.024619 53.150675
-130.919137 -1.066107 53.198738
-130.918227 -1.107593 53.246802
-130.917283 -1.149079 53.294867
-130.916303 -1.190564 53.342934
-130.915290 -1.232049 53.391002
-130.914241 -1.273532 53.439071
-130.913158 -1.315015 53.487142
-130.912040 -1.356497 53.535214
-130.910887 -1.397978 53.583288
-130.909699 -1.439457 53.631363
-130.908477 -1.480936 53.679439
-130.907221 -1.522414 53.727517
-130.905929 -1.563891 53.775597
-130.904603 -1.605367 53.823679
-130.903242 -1.646841 53.871762
-130.901846 -1.688315 53.919847
-130.900416 -1.729787 53.967934
-130.898951 -1.771258 54.016023
-130.897451 -1.812728 54.064114
-130.895916 -1.854197 54.112207
-130.894347 -1.895664 54.160302
-130.892743 -1.937130 54.208400
-130.891104 -1.978595 54.256499
-130.889431 -2.020058 54.304601
-130.887723 -2.061520 54.352704
-130.885980 -2.102981 54.400811
-130.884202 -2.144440 54.448919
-130.882389 -2.185898 54.497030
-130.880542 -2.227354 54.545143
-130.878660 -2.268808 54.593259
-130.876744 -2.310261 54.641378
-130.847014 -2.468728 54.694431
-130.758700 -2.891957 54.749530
-130.647101 -3.453628 54.805897
-130.531874 -4.089587 54.863400
-130.422339 -4.770547 54.921655
-130.323321 -5.482819 54.980178
-130.237706 -6.219663 55.038431
-130.167552 -6.977411 55.095826
-130.114552 -7.753719 55.151718
-130.080242 -8.546790 55.205404
-130.066023 -9.355038 55.256124
-130.073260 -10.176928 55.303046
-130.103243 -11.010920 55.345285
-130.157206 -11.855449 55.381904
-130.236319 -12.708924 55.411916
-130.341696 -13.569728 55.434295
-130.474392 -14.436228 55.447977
-130.635404 -15.306779 55.451867
-130.825680 -16.179732 55.444849
-131.046112 -17.053442 55.425786
-131.297549 -17.926269 55.393531
-131.580794 -18.796582 55.346929
-131.896608 -19.662763 55.284825
-132.245714 -20.523205 55.206069
-132.628799 -21.376314 55.109519
-133.046514 -22.220508 54.994052
-133.499477 -23.054215 54.858564
-133.988271 -23.875869 54.701981
-134.513443 -24.683909 54.523260
-135.075503 -25.476776 54.321401
-135.674919 -26.252908 54.095448
-136.312115 -27.010736 53.844503
-136.987465 -27.748679 53.567731
-137.701284 -28.465142 53.264370
-138.453824 -29.158510 52.933737
-139.245262 -29.827143 52.575245
-140.075691 -30.469375 52.188411
-140.945110 -31.083502 51.772867
-141.853410 -31.667786 51.328374
-142.800360 -32.220444 50.854835
-143.785597 -32.739650 50.352312
-144.808607 -33.223521 49.821035
-145.868712 -33.670124 49.261422
-146.965051 -34.077463 48.674091
-148.096570 -34.443475 48.059875
-149.261997 -34.766031 47.419837
-150.458077 -35.042645 46.756318
-151.677059 -35.270558 46.074434
-152.915325 -35.448251 45.377012
-154.169394 -35.574436 44.666889
-155.435514 -35.647924 43.947137
-156.709694 -35.667690 43.221027
-157.987732 -35.632879 42.491986
-159.265265 -35.542833 41.763562
-160.537803 -35.397102 41.039369
-161.800787 -35.195465 40.323041
-163.049636 -34.937944 39.618175
-164.279800 -34.624814 38.928275
-165.486829 -34.256609 38.256697
-166.666396 -33.834136 37.606600
-167.814367 -33.358470 36.980898
-168.926842 -32.830953 36.382210
-170.000194 -32.253185 35.812830
-171.031120 -31.627029 35.274685
-172.016637 -30.954573 34.769348
-172.954126 -30.238128 34.297992
-173.841334 -29.480205 33.861404
-174.676386 -28.683486 33.459979
-175.457779 -27.850806 33.093742
-176.184263 -26.985268 32.762397
-176.855160 -26.089756 32.465177
-177.470053 -25.167357 32.201083
-178.026599 -24.225345 31.969788
-178.507405 -23.306853 31.776744
-178.904708 -22.453433 31.622637
-179.224977 -21.684692 31.502431
-179.479668 -21.006971 31.409696
-179.680832 -20.418961 31.338417
-179.839326 -19.915187 31.283584
-179.964245 -19.488167 31.241243
179.937075 -19.129697 31.208366
179.858845 -18.831611 31.182665
179.796557 -18.586188 31.162427
179.746724 -18.386364 31.146371
179.706653 -18.225809 31.133535
179.674269 -18.098932 31.123198
179.647966 -18.000849 31.114813
179.626500 -17.927323 31.107965
179.608903 -17.874701 31.102335
179.594415 -17.839847 31.097679
179.582441 -17.820077 31.093804
179.572508 -17.813101 31.090563
179.564240 -17.816966 31.087835
179.557336 -17.830014 31.085529
179.551554 -17.850835 31.083568
179.546697 -17.878235 31.081891
179.542607 -17.911198 31.080451
179.539154 -17.948866 31.079206
179.536229 -17.990513 31.078124
179.533746 -18.035522 31.077177
179.531631 -18.083374 31.076345
179.529825 -18.133627 31.075608
179.528277 -18.185909 31.074951
179.526945 -18.239906 31.074360
179.525796 -18.295352 31.073827
179.524798 -18.352021 31.073340
179.523930 -18.409724 31.072894
179.523169 -18.468300 31.072481
179.522498 -18.527614 31.072096
179.521904 -18.587550 31.071736
179.521375 -18.648013 31.071395
179.520899 -18.708920 31.071071
179.520469 -18.770202 31.070762
179.520077 -18.831802 31.070464
179.519717 -18.893669 31.070177
179.519384 -18.955762 31.069898
179.519074 -19.018047 31.069626
179.518783 -19.080492 31.069360
179.518508 -19.143074 31.069099
179.518246 -19.205771 31.068841
179.517996 -19.268566 31.068588
179.517754 -19.331442 31.068337
179.517521 -19.394388 31.068088
179.517294 -19.457392 31.067841
179.517072 -19.520446 31.067596
179.516855 -19.583542 31.067351
179.516641 -19.646673 31.067108
179.516430 -19.709834 31.066866
179.516222 -19.773020 31.066624
179.516015 -19.836228 31.066382
179.515810 -19.899453 31.066140
179.515606 -19.962694 31.065899
179.515403 -20.025948 31.065657
179.515201 -20.089213 31.065416
179.514998 -20.152487 31.065174
179.514796 -20.215768 31.064932
179.514595 -20.279057 31.064690
179.514393 -20.342351 31.064448
179.514190 -20.405650 31.064205
179.513988 -20.468953 31.063962
179.513785 -20.532259 31.063718
179.513582 -20.595569 31.063474
179.513379 -20.658880 31.063230
179.513175 -20.722194 31.062985
179.512970 -20.785510 31.062740
179.512765 -20.848828 31.062494
179.512559 -20.912146 31.062247
179.512352 -20.975466 31.062000
179.512145 -21.038787 31.061753
179.511938 -21.102109 31.061505
179.511729 -21.165431 31.061256
179.511520 -21.228755 31.061007
179.511310 -21.292078 31.060757
179.511100 -21.355403 31.060507
179.510888 -21.418727 31.060256
179.510677 -21.482053 31.060005
179.510464 -21.545378 31.059753
179.510250 -21.608704 31.059501
179.510036 -21.672030 31.059247
179.509821 -21.735357 31.058994
179.509605 -21.798684 31.058739
179.509389 -21.862011 31.058484
179.509172 -21.925338 31.058229
179.508954 -21.988666 31.057973
179.508735 -22.051993 31.057716
179.508515 -22.115321 31.057459
179.508295 -22.178650 31.057201
179.508074 -22.241978 31.056942
179.507852 -22.305306 31.056683
179.507629 -22.368635 31.056423
179.507406 -22.431964 31.056162
179.507182 -22.495293 31.055901
179.506957 -22.558622 31.055640
179.506731 -22.621952 31.055377
179.506504 -22.685282 31.055114
179.506277 -22.748611 31.054850
179.506049 -22.811941 31.054586
179.505820 -22.875271 31.054321
179.505590 -22.938602 31.054056
179.505360 -23.001932 31.053789
179.505128 -23.065263 31.053522
179.504896 -23.128594 31.053255
179.504663 -23.191925 31.052986
179.504429 -23.255256 31.052718
179.504195 -23.318587 31.052448
179.503959 -23.381919 31.052178
179.503723 -23.445251 31.051907
179.503486 -23.508583 31.051635
179.503248 -23.571915 31.051363
179.503010 -23.635247 31.051090
179.502770 -23.698579 31.050816
179.502530 -23.761912 31.050542
179.502289 -23.825245 31.050267
179.502047 -23.888578 31.049991
179.501804 -23.951911 31.049714
179.501561 -24.015244 31.049437
179.501316 -24.078577 31.049159
179.501071 -24.141911 31.048881
179.500825 -24.205245 31.048602
179.500578 -24.268579 31.048322
179.500330 -24.331913 31.048041
179.500082 -24.395247 31.047759
179.499832 -24.458582 31.047477
179.499582 -24.521917 31.047194
179.499331 -24.585251 31.046911
179.499079 -24.648586 31.046626
179.498826 -24.711922 31.046341
179.498573 -24.775257 31.046055
179.498318 -24.838593 31.045769
179.498063 -24.901929 31.045481
179.497807 -24.965265 31.045193
179.497550 -25.028601 31.044905
179.497292 -25.091937 31.044615
179.497033 -25.155274 31.044325
179.496774 -25.218610 31.044034
179.496513 -25.281947 31.043742
179.496252 -25.345284 31.043449
179.495990 -25.408621 31.043156
179.495727 -25.471959 31.042862
179.495463 -25.535297 31.042567
179.495198 -25.598634 31.042271
179.494932 -25.661972 31.041974
179.494666 -25.725311 31.041677
179.494398 -25.788649 31.041379
179.494130 -25.851987 31.041080
179.493861 -25.915326 31.040781
179.493590 -25.978665 31.040480
179.493319 -26.042004 31.040179
179.493048 -26.105344 31.039877
179.492775 -26.168683 31.039574
179.492501 -26.232023 31.039270
179.492227 -26.295363 31.038966
179.491951 -26.358703 31.038660
179.491675 -26.422043 31.038354
179.491398 -26.485384 31.038047
179.491119 -26.548724 31.037740
179.490840 -26.612065 31.037431
179.490560 -26.675406 31.037121
179.490280 -26.738747 31.036811
179.489998 -26.802089 31.036500
179.465152 -27.014842 31.059656
179.399489 -27.682052 31.121563
179.332167 -28.760362 31.169248
179.244807 -29.895265 31.135489
179.145962 -31.028379 31.085300
179.040840 -32.160666 31.029321
178.930502 -33.292367 30.968456
178.815038 -34.423538 30.902635
178.694299 -35.554192 30.831630
178.568062 -36.684332 30.755167
178.436065 -37.813957 30.672941
178.298016 -38.943064 30.584622
178.153585 -40.071648 30.489848
178.002412 -41.199700 30.388225
177.844092 -42.327213 30.279323
177.678178 -43.454183 30.162668
177.504174 -44.580587 30.037745
177.321533 -45.706407 29.903982
177.129645 -46.831623 29.760753
176.927831 -47.956213 29.607361
176.715336 -49.080147 29.443038
176.491315 -50.203396 29.266925
176.254825 -51.325923 29.078069
176.004810 -52.447686 28.875401
175.740080 -53.568637 28.657725
175.459295 -54.688721 28.423691
175.160940 -55.807873 28.171779
174.843295 -56.926022 27.900263
174.504400 -58.043090 27.607181
174.142016 -59.158980 27.290288
173.857650 -60.284968 26.984491
173.849987 -61.433550 26.771008
174.084561 -62.572939 26.628361
174.528849 -63.680618 26.528445
175.153261 -64.740262 26.452505
175.931343 -65.741962 26.392130
176.815611 -66.695828 26.344869
177.696740 -67.654429 26.298793
178.552634 -68.625983 26.246271
179.386975 -69.610432 26.193824
-179.793057 -70.607817 26.151975
-178.978673 -71.617945 26.132122
-178.159751 -72.640341 26.146179
-177.324556 -73.674335 26.206973
-176.459115 -74.719101 26.328998
-175.546289 -75.773688 26.529487
-174.564349 -76.837032 26.829932
-173.484800 -77.907939 27.258346
-172.268916 -78.985044 27.852790
-170.862045 -80.066719 28.667128
-169.183809 -81.150902 29.780858
-167.110405 -82.234772 31.316850
-164.440684 -83.314110 33.475291
-160.826732 -84.381939 36.603124
-155.621396 -85.425368 41.346538
-147.525311 -86.417470 49.003949
-133.829456 -87.294502 62.283457
-110.068284 -87.898952 85.649713
-77.658839 -87.963645 117.684823
-51.430174 -87.442305 143.558921
-36.029785 -86.590911 158.623738
-27.091949 -85.594684 167.244264
-21.484777 -84.530616 172.551698
-17.690561 -83.430410 176.063099
-14.964491 -82.308663 178.522667
-12.913164 -81.172896 -179.676761
-11.312971 -80.027359 -178.312106
-10.028566 -78.874648 -177.248515
-8.973632 -77.716447 -176.400126
-8.090678 -76.553909 -175.709866
-7.339993 -75.387857 -175.138410
-6.693291 -74.218903 -174.657827
-6.129889 -73.047515 -174.247755
-5.634316 -71.874062 -173.893013
-5.194771 -70.698844 -173.582061
-4.802093 -69.522106 -173.305970
-4.449064 -68.344057 -173.057728
-4.129917 -67.164873 -172.831745
-3.839992 -65.984712 -172.623510
-3.575479 -64.803708 -172.429340
-3.333237 -63.621987 -172.246191
-3.110651 -62.439659 -172.071522
-2.905528 -61.256835 -171.904386
-2.715892 -60.073636 -171.749863
-2.539904 -58.890117 -171.608840
-2.376037 -57.706310 -171.480052
-2.223015 -56.522243 -171.362242
-2.079747 -55.337935 -171.254317
-1.945291 -54.153405 -171.155328
-1.818827 -52.968670 -171.064449
-1.699637 -51.783742 -170.980954
-1.587093 -50.598635 -170.904206
-1.480640 -49.413358 -170.833641
-1.379787 -48.227920 -170.768759
-1.284100 -47.042330 -170.709114
-1.193193 -45.856595 -170.654308
-1.106723 -44.670721 -170.603985
-1.024382 -43.484713 -170.557825
-0.945898 -42.298577 -170.515537
-0.871025 -41.112316 -170.476861
-0.799544 -39.925934 -170.441559
-0.731259 -38.739434 -170.409416
-0.665996 -37.552819 -170.380234
-0.603598 -36.366090 -170.353835
-0.543927 -35.179249 -170.330054
-0.486858 -33.992298 -170.308738
-0.432283 -32.805237 -170.289748
-0.380106 -31.618066 -170.272955
-0.330246 -30.430787 -170.258239
-0.282631 -29.243398 -170.245490
-0.237203 -28.055899 -170.234602
-0.193915 -26.868288 -170.225480
-0.152730 -25.680565 -170.218032
-0.113623 -24.492728 -170.212171
-0.076582 -23.304773 -170.207816
-0.041603 -22.116699 -170.204890
-0.008699 -20.928502 -170.203318
0.022106 -19.740179 -170.203027
0.050773 -18.551725 -170.203950
0.077245 -17.363136 -170.206018
0.101448 -16.174405 -170.209163
0.123285 -14.985527 -170.213319
0.142632 -13.796495 -170.218420
0.159333 -12.607301 -170.224396
0.173192 -11.417936 -170.231178
0.183657 -10.228770 -170.239005
0.189196 -9.039470 -170.248974
0.188884 -7.849867 -170.261654
0.182132 -6.659911 -170.277543
0.168641 -5.474718 -170.297161
0.151329 -4.361472 -170.319251
0.133355 -3.386359 -170.340745
0.116097 -2.568925 -170.359995
0.100091 -1.903654 -170.376348
0.085516 -1.373594 -170.389729
0.072408 -0.957934 -170.400353
0.060743 -0.635979 -170.408581
0.050472 -0.389032 -170.414833
0.041523 -0.201115 -170.419487
0.033804 -0.059051 -170.422873
0.027212 0.047764 -170.425266
0.021636 0.127715 -170.426891
0.016961 0.187337 -170.427926
0.013076 0.231658 -170.428513
0.009871 0.264513 -170.428758
0.007248 0.288809 -170.428745
0.005115 0.306738 -170.428537
0.003392 0.319943 -170.428183
0.002009 0.329653 -170.427719
0.000903 0.336782 -170.427173
0.000025 0.342008 -170.426565
-0.000670 0.345835 -170.425912
-0.001216 0.348635 -170.425223
-0.001645 0.350680 -170.424509
-0.001980 0.352173 -170.423774
-0.002241 0.353262 -170.423025
-0.002443 0.354055 -170.422264
-0.002599 0.354632 -170.421494
-0.002719 0.355053 -170.420717
-0.002811 0.355358 -170.419934
-0.002881 0.355580 -170.419147
-0.002934 0.355741 -170.418356
-0.002975 0.355858 -170.417561
-0.003005 0.355942 -170.416764
-0.003028 0.356004 -170.415965
-0.003045 0.356048 -170.415162
-0.003057 0.356080 -170.414358
-0.003066 0.356103 -170.413552
-0.003072 0.356120 -170.412744
-0.003077 0.356132 -170.411934
-0.003079 0.356141 -170.411122
-0.003081 0.356147 -170.410308
-0.003082 0.356151 -170.409493
-0.003082 0.356154 -170.408676
-0.003082 0.356157 -170.407857
-0.003081 0.356158 -170.407036
-0.003080 0.356159 -170.406214
-0.003079 0.356160 -170.405390
-0.003078 0.356160 -170.404564
-0.003076 0.356161 -170.403737
-0.003074 0.356161 -170.402908
-0.003073 0.356161 -170.402077
-0.003071 0.356161 -170.401244
-0.003069 0.356161 -170.400410
-0.003068 0.356161 -170.399574
-0.003066 0.356161 -170.398737
-0.003064 0.356161 -170.397898
-0.003062 0.356161 -170.397057
-0.003060 0.356160 -170.396214
-0.003058 0.356160 -170.395370
-0.003057 0.356160 -170.394524
-0.003055 0.356160 -170.393677
-0.003053 0.356160 -170.392827
-0.003051 0.356160 -170.391976
-0.003049 0.356160 -170.391124
-0.003047 0.356159 -170.390270
-0.003045 0.356159 -170.389414
-0.003043 0.356159 -170.388556
-0.003042 0.356159 -170.387697
-0.003040 0.356159 -170.386836
-0.003038 0.356159 -170.385973
-0.003036 0.356158 -170.385109
-0.003034 0.356158 -170.384243
-0.003032 0.356158 -170.383375
-0.003030 0.356158 -170.382506
-0.003028 0.356158 -170.381635
-0.003026 0.356158 -170.380762
-0.003024 0.356157 -170.379888
-0.003022 0.356157 -170.379012
-0.003020 0.356157 -170.378134
-0.003018 0.356157 -170.377255
-0.003016 0.356157 -170.376374
-0.003014 0.356157 -170.375491
-0.003013 0.356156 -170.374607
-0.003011 0.356156 -170.373721
-0.003009 0.356156 -170.372834
-0.003007 0.356156 -170.371944
-0.003005 0.356156 -170.371054
-0.003003 0.356156 -170.370161
-0.003001 0.356155 -170.369267
-0.002999 0.356155 -170.368371
-0.002997 0.356155 -170.367473
-0.002995 0.356155 -170.366574
-0.002993 0.356155 -170.365673
-0.002991 0.356155 -170.364771
-0.002989 0.356154 -170.363867
-0.002987 0.356154 -170.362961
-0.002985 0.356154 -170.362054
-0.002983 0.356154 -170.361145
-0.002981 0.356154 -170.360234
-0.002979 0.356153 -170.359322
-0.002977 0.356153 -170.358408
-0.002975 0.356153 -170.357492
-0.002973 0.356153 -170.356575
-0.002970 0.356153 -170.355656
-0.002968 0.356153 -170.354735
-0.002966 0.356152 -170.353813
-0.002964 0.356152 -170.352889
-0.002962 0.356152 -170.351964
-0.002960 0.356152 -170.351037
0.028987 0.167336 -170.286467
0.169585 -0.573512 -170.085525
0.401903 -1.614502 -169.971624
0.646597 -2.655718 -169.943318
0.894584 -3.696192 -169.919615
1.143965 -4.736375 -169.892303
1.394367 -5.776377 -169.860577
1.645810 -6.816214 -169.824335
1.898418 -7.855876 -169.783528
2.152349 -8.895348 -169.738107
2.407770 -9.934611 -169.688015
2.664853 -10.973645 -169.633184
2.923777 -12.012431 -169.573541
3.184723 -13.050948 -169.509002
3.447881 -14.089175 -169.439476
3.713442 -15.127091 -169.364861
3.981609 -16.164672 -169.285046
4.252587 -17.201896 -169.199910
4.526592 -18.238739 -169.109321
4.803847 -19.275174 -169.013135
5.084584 -20.311177 -168.911196
5.369047 -21.346720 -168.803337
5.657490 -22.381773 -168.689376
5.950177 -23.416308 -168.569116
6.247387 -24.450293 -168.442346
6.549415 -25.483694 -168.308839
6.856568 -26.516477 -168.168348
7.169171 -27.548604 -168.020610
7.487568 -28.580036 -167.865341
7.812122 -29.610732 -167.702236
8.143219 -30.640648 -167.530963
8.481266 -31.669737 -167.351171
8.826698 -32.697949 -167.162476
9.179978 -33.725230 -166.964468
9.541598 -34.751524 -166.756703
9.912084 -35.776770 -166.538705
10.291999 -36.800902 -166.309956
10.681945 -37.823850 -166.069902
11.082570 -38.845538 -165.817939
11.494566 -39.865886 -165.553417
11.918683 -40.884804 -165.275631
12.355723 -41.902199 -164.983818
12.806556 -42.917966 -164.677150
13.272122 -43.931995 -164.354726
13.753436 -44.944164 -164.015570
14.251601 -45.954341 -163.658615
14.767814 -46.962382 -163.282703
15.303378 -47.968129 -162.886566
15.859711 -48.971410 -162.468820
16.438363 -49.972035 -162.027952
17.041027 -50.969798 -161.562302
17.669557 -51.964468 -161.070049
18.325987 -52.955795 -160.549192
19.012552 -53.943497 -159.997527
19.731710 -54.927266 -159.412628
20.486174 -55.906758 -158.791814
21.278935 -56.881590 -158.132122
22.113305 -57.851334 -157.430272
22.992949 -58.815514 -156.682627
23.921932 -59.773593 -155.885152
24.904768 -60.724969 -155.033360
25.946474 -61.668963 -154.122264
27.052631 -62.604810 -153.146310
28.229451 -63.531643 -152.099314
29.483846 -64.448477 -150.974388
30.823510 -65.354194 -149.763869
32.256992 -66.247519 -148.459232
33.793772 -67.126999 -147.051023
35.444335 -67.990970 -145.528784
37.220218 -68.837530 -143.881002
39.134034 -69.664505 -142.095092
41.199441 -70.469402 -140.157420
43.431036 -71.249378 -138.053414
45.844135 -72.001191 -135.767784
48.454386 -72.721164 -133.284904
51.277174 -73.405151 -130.589417
54.326736 -74.048522 -127.667108
57.614957 -74.646171 -124.506118
61.149805 -75.192563 -121.098504
64.933449 -75.681829 -117.442120
68.960203 -76.107935 -113.542677
73.214557 -76.464919 -109.415710
77.669714 -76.747198 -105.088040
82.287150 -76.949930 -100.598216
87.017463 -77.069377 -95.995666
91.803044 -77.103231 -91.338021
96.582049 -77.050831 -86.687153
101.293171 -76.913222 -82.104391
105.880321 -76.693058 -77.645850
110.296350 -76.394359 -73.358707
114.505266 -76.022171 -69.278977
118.482848 -75.582199 -65.430909
122.215910 -75.080455 -61.827715
125.700687 -74.522962 -58.473188
128.940814 -73.915533 -55.363718
131.945290 -73.263624 -52.490337
134.726661 -72.572248 -49.840528
137.299531 -71.845934 -47.399716
139.679436 -71.088731 -45.152397
141.882023 -70.304228 -43.082954
143.922513 -69.495586 -41.176200
145.815353 -68.665581 -39.417724
147.574025 -67.816642 -37.794080
149.210964 -66.950899 -36.292871
150.737540 -66.070215 -34.902768
152.164095 -65.176227 -33.613477
153.499758 -64.270493 -32.415867
154.752500 -63.354196 -31.301794
155.929810 -62.428187 -30.263714
157.038392 -61.493417 -29.294933
158.084447 -60.550557 -28.389237
159.050237 -59.623848 -27.561352
159.877863 -58.785745 -26.859905
160.552574 -58.073748 -26.294928
161.086817 -57.494563 -25.853189
161.501729 -57.039147 -25.514710
161.819213 -56.691613 -25.259577
162.058917 -56.434226 -25.070360
162.237371 -56.250014 -24.932659
162.368021 -56.123960 -24.834927
162.461593 -56.043395 -24.768055
162.526533 -55.997969 -24.724934
162.569439 -55.979413 -24.700048
162.595432 -55.981238 -24.689137
162.608470 -55.998415 -24.688922
162.611599 -56.027090 -24.696886
162.607156 -56.064334 -24.711100
162.596933 -56.107935 -24.730091
162.582296 -56.156235 -24.752733
162.564286 -56.207996 -24.778169
162.543698 -56.262297 -24.805747
162.521132 -56.318459 -24.834972
162.497046 -56.375978 -24.865469
162.471785 -56.434486 -24.896952
162.445611 -56.493710 -24.929207
162.418722 -56.553452 -24.962070
162.391267 -56.613567 -24.995420
162.363357 -56.673950 -25.029163
162.335077 -56.734523 -25.063230
162.306491 -56.795232 -25.097570
162.277645 -56.856034 -25.132142
162.248576 -56.916901 -25.166918
162.219310 -56.977812 -25.201875
162.189867 -57.038751 -25.236998
162.160261 -57.099708 -25.272275
162.130503 -57.160673 -25.307696
162.100601 -57.221642 -25.343256
162.070561 -57.282610 -25.378949
162.040386 -57.343575 -25.414773
162.010081 -57.404533 -25.450724
161.979646 -57.465484 -25.486802
161.949083 -57.526427 -25.523006
161.918392 -57.587360 -25.559334
161.887576 -57.648283 -25.595787
161.856632 -57.709195 -25.632365
161.825562 -57.770097 -25.669068
161.794366 -57.830987 -25.705895
161.763042 -57.891867 -25.742848
161.731590 -57.952734 -25.779928
161.700010 -58.013591 -25.817133
161.668302 -58.074435 -25.854466
161.636464 -58.135268 -25.891927
161.604496 -58.196089 -25.929516
161.572398 -58.256898 -25.967235
161.540169 -58.317695 -26.005083
161.507807 -58.378480 -26.043061
161.475313 -58.439252 -26.081171
161.442686 -58.500013 -26.119413
161.409924 -58.560761 -26.157787
161.377027 -58.621496 -26.196294
161.343995 -58.682219 -26.234936
161.310827 -58.742930 -26.273713
161.277522 -58.803628 -26.312625
161.244078 -58.864314 -26.351674
161.210496 -58.924986 -26.390860
161.176775 -58.985646 -26.430184
161.142914 -59.046293 -26.469646
161.108911 -59.106927 -26.509249
161.074767 -59.167548 -26.548991
161.040480 -59.228156 -26.588875
161.006050 -59.288751 -26.628900
160.971476 -59.349332 -26.669069
160.936757 -59.409900 -26.709380
160.901892 -59.470455 -26.749837
160.866880 -59.530996 -26.790438
160.831721 -59.591524 -26.831186
160.796414 -59.652038 -26.872080
160.760958 -59.712539 -26.913123
160.725351 -59.773025 -26.954313
160.689594 -59.833498 -26.995654
160.653685 -59.893957 -27.037145
160.617623 -59.954402 -27.078787
160.581408 -60.014832 -27.120581
160.545038 -60.075249 -27.162528
160.508514 -60.135651 -27.204629
160.471833 -60.196039 -27.246885
160.434995 -60.256413 -27.289296
160.397999 -60.316772 -27.331864
160.360844 -60.377116 -27.374590
160.323530 -60.437446 -27.417474
160.286055 -60.497761 -27.460518
160.248418 -60.558061 -27.503721
160.210618 -60.618346 -27.547087
160.172655 -60.678616 -27.590614
160.134527 -60.738872 -27.634305
160.096234 -60.799111 -27.678160
160.057774 -60.859336 -27.722180
160.019147 -60.919545 -27.766366
159.980352 -60.979739 -27.810719
159.941387 -61.039917 -27.855241
159.902251 -61.100080 -27.899932
159.862944 -61.160226 -27.944793
159.823465 -61.220357 -27.989825
159.783812 -61.280472 -28.035029
159.743984 -61.340571 -28.080407
159.703981 -61.400654 -28.125959
159.663801 -61.460721 -28.171686
159.623444 -61.520771 -28.217590
159.582908 -61.580805 -28.263671
159.542191 -61.640822 -28.309931
159.501294 -61.700823 -28.356371
159.460215 -61.760807 -28.402991
159.418953 -61.820774 -28.449793
159.377506 -61.880725 -28.496779
159.335875 -61.940658 -28.543948
159.294056 -62.000574 -28.591303
159.252050 -62.060473 -28.638844
159.209855 -62.120355 -28.686573
159.167471 -62.180219 -28.734490
159.124895 -62.240065 -28.782597
159.082127 -62.299894 -28.830895
159.039165 -62.359705 -28.879386
158.996009 -62.419499 -28.928070
158.952657 -62.479274 -28.976949
158.909108 -62.539031 -29.026023
158.865360 -62.598770 -29.075295
158.821413 -62.658490 -29.124765
158.777266 -62.718193 -29.174434
158.732916 -62.777876 -29.224304
158.688363 -62.837541 -29.274377
158.984793 -62.873249 -29.084948
160.289899 -62.847205 -28.133716
162.384849 -62.841914 -26.446733
164.551686 -62.920290 -24.541744
166.723808 -62.989456 -22.620235
168.903438 -63.028593 -20.689917
171.086480 -63.034398 -18.755240
173.267942 -63.006319 -16.821242
175.442740 -62.944330 -14.893034
177.484570 -62.937296 -13.086573
179.212225 -63.101565 -11.562867
-179.372964 -63.407143 -10.314602
-178.276135 -63.850410 -9.343953
-177.477103 -64.432880 -8.632743
-176.812163 -65.109843 -8.034759
-176.052494 -65.808937 -7.344867
-175.168410 -66.523642 -6.536461
-174.141309 -67.250332 -5.591949
-172.950948 -67.984195 -4.491660
-171.575487 -68.719299 -3.214064
-169.991790 -69.448577 -1.736164
-168.176090 -70.163795 -0.034200
-166.105033 -70.855497 1.915302
-163.757347 -71.513028 4.133846
-161.116148 -72.124603 6.638652
-158.171955 -72.677481 9.439641
-154.930297 -73.157831 12.532020
-151.466046 -73.547798 15.844630
-147.836240 -73.839130 19.322219
-144.089729 -74.027885 22.916554
-140.283522 -74.111888 26.571184
-136.478893 -74.090975 30.225356
-132.736765 -73.967058 33.818643
-129.113147 -73.743962 37.295516
-125.655447 -73.427135 40.609039
-122.400242 -73.023222 43.723091
-119.372608 -72.539614 46.613045
-116.586764 -71.984025 49.265126
-114.047600 -71.364131 51.674883
-111.752625 -70.687312 53.845246
-109.693953 -69.960468 55.784535
-107.860098 -69.189927 57.504679
-106.237439 -68.381402 59.019736
-104.811357 -67.539996 60.344770
-103.567056 -66.670230 61.495026
-102.490127 -65.776103 62.485373
-101.566886 -64.861131 63.329960
-100.784582 -63.928410 64.042014
-100.131493 -62.980666 64.633743
-99.596948 -62.020312 65.116313
-99.171307 -61.049488 65.499875
-98.845902 -60.070106 65.793617
-98.612974 -59.083884 66.005832
-98.465599 -58.092381 66.143994
-98.397606 -57.097027 66.214837
-98.403507 -56.099141 66.224423
-98.478422 -55.099959 66.178222
-98.618017 -54.100654 66.081170
-98.818439 -53.102349 65.937733
-99.076263 -52.106133 65.751957
-99.388448 -51.113084 65.527517
-99.752250 -50.124265 65.267790
-100.165255 -49.140735 64.975826
-100.625280 -48.163572 64.654437
-101.130366 -47.193875 64.306209
-101.678721 -46.232771 63.933548
-102.268715 -45.281422 63.538678
-102.898841 -44.341024 63.123672
-103.567691 -43.412813 62.690473
-104.273935 -42.498068 62.240904
-105.016302 -41.598095 61.776674
-105.793545 -40.714260 61.299408
-106.604428 -39.847964 60.810654
-107.447715 -39.000630 60.311874
-108.322153 -38.173706 59.804457
-109.226460 -37.368653 59.289722
-110.159099 -36.587084 58.768793
-111.118878 -35.830327 58.242169
-112.104391 -35.099773 57.710789
-113.114174 -34.396799 57.175638
-114.127357 -33.735028 56.648685
-115.079738 -33.150950 56.165510
-115.932169 -32.658822 55.745726
-116.670774 -32.256034 55.394230
-117.296158 -31.932832 55.108175
-117.816578 -31.677334 54.881099
-118.243739 -31.477927 54.705262
-118.590308 -31.324268 54.572917
-118.868543 -31.207569 54.476915
-119.089614 -31.120566 54.410963
-119.263325 -31.057345 54.369675
-119.398076 -31.013137 54.348524
-119.500945 -30.984118 54.343757
-119.577824 -30.967229 54.352283
-119.633579 -30.960025 54.371577
-119.672200 -30.960556 54.399581
-119.696946 -30.967267 54.434626
-119.710468 -30.978913 54.475359
-119.714919 -30.994503 54.520688
-119.712041 -31.013244 54.569730
-119.703244 -31.034501 54.621770
-119.689666 -31.057766 54.676235
-119.672226 -31.082635 54.732661
-119.651666 -31.108782 54.790675
-119.628582 -31.135947 54.849976
-119.603457 -31.163922 54.910321
-119.576679 -31.192540 54.971516
-119.548559 -31.221666 55.033403
-119.519349 -31.251193 55.095856
-119.489251 -31.281036 55.158772
-119.458429 -31.311126 55.222071
-119.427014 -31.341407 55.285685
-119.395111 -31.371835 55.349561
-119.362805 -31.402374 55.413657
-119.330165 -31.432996 55.477938
-119.297246 -31.463677 55.542377
-119.264092 -31.494401 55.606951
-119.230738 -31.525151 55.671642
-119.197214 -31.555915 55.736436
-119.163542 -31.586686 55.801321
-119.129741 -31.617454 55.866288
-119.095825 -31.648213 55.931329
-119.061808 -31.678959 55.996438
-119.027698 -31.709688 56.061610
-118.993504 -31.740396 56.126842
-118.959231 -31.771082 56.192130
-118.924884 -31.801742 56.257471
-118.890469 -31.832375 56.322864
-118.855987 -31.862980 56.388308
-118.821441 -31.893556 56.453800
-118.786835 -31.924101 56.519339
-118.752168 -31.954616 56.584926
-118.717443 -31.985099 56.650559
-118.682661 -32.015550 56.716237
-118.647822 -32.045968 56.781961
-118.612928 -32.076354 56.847730
-118.577979 -32.106707 56.913543
-118.542975 -32.137026 56.979401
-118.507916 -32.167312 57.045303
-118.472804 -32.197565 57.111249
-118.437637 -32.227783 57.177239
-118.402417 -32.257967 57.243274
-118.367144 -32.288118 57.309352
-118.331817 -32.318234 57.375474
-118.296437 -32.348315 57.441640
-118.261003 -32.378363 57.507850
-118.225517 -32.408376 57.574104
-118.189977 -32.438354 57.640402
-118.154384 -32.468298 57.706744
-118.118738 -32.498207 57.773130
-118.083039 -32.528081 57.839560
-118.047287 -32.557920 57.906033
-118.011482 -32.587724 57.972551
-117.975624 -32.617493 58.039113
-117.939713 -32.647228 58.105718
-117.903749 -32.676927 58.172368
-117.867732 -32.706590 58.239062
-117.831661 -32.736219 58.305800
-117.795538 -32.765812 58.372582
-117.759362 -32.795370 58.439408
-117.723132 -32.824892 58.506278
-117.686850 -32.854379 58.573193
-117.650514 -32.883830 58.640152
-117.614125 -32.913246 58.707155
-117.577684 -32.942625 58.774202
-117.541189 -32.971969 58.841294
-117.504641 -33.001277 58.908430
-117.468040 -33.030550 58.975610
-117.431386 -33.059786 59.042835
-117.394679 -33.088986 59.110104
-117.357918 -33.118150 59.177418
-117.321105 -33.147278 59.244776
-117.284238 -33.176369 59.312179
-117.247319 -33.205424 59.379626
-117.210346 -33.234443 59.447117
-117.173320 -33.263425 59.514653
-117.136241 -33.292371 59.582234
-117.099108 -33.321281 59.649859
-117.061923 -33.350153 59.717529
-117.024684 -33.378989 59.785244
-116.987393 -33.407788 59.853003
-116.950048 -33.436551 59.920807
-116.912650 -33.465276 59.988655
-116.875198 -33.493964 60.056549
-116.837694 -33.522616 60.124487
-116.800136 -33.551230 60.192470
-116.762525 -33.579807 60.260497
-116.724861 -33.608347 60.328570
-116.687144 -33.636850 60.396687
-116.649374 -33.665315 60.464849
-116.611550 -33.693743 60.533056
-116.573674 -33.722133 60.601308
-116.535744 -33.750486 60.669605
-116.497760 -33.778801 60.737947
-116.459724 -33.807079 60.806334
-116.421635 -33.835319 60.874765
-116.383492 -33.863521 60.943242
-116.345296 -33.891685 61.011764
-116.307047 -33.919811 61.080331
-116.268744 -33.947899 61.148942
-116.230389 -33.975949 61.217599
-116.191980 -34.003961 61.286301
-116.153518 -34.031935 61.355048
-116.115003 -34.059870 61.423841
-116.076435 -34.087767 61.492678
-116.037814 -34.115626 61.561560
-115.999139 -34.143446 61.630488
-115.960411 -34.171228 61.699461
-115.921630 -34.198971 61.768479
-115.882796 -34.226676 61.837542
-115.843909 -34.254341 61.906650
-115.804969 -34.281968 61.975804
-115.765975 -34.309556 62.045003
-115.726928 -34.337105 62.114247
-115.687829 -34.364616 62.183537
-115.648676 -34.392087 62.252871
-115.609469 -34.419519 62.322251
-115.570210 -34.446911 62.391677
-115.530898 -34.474265 62.461147
-115.491532 -34.501579 62.530663
-115.452114 -34.528854 62.600225
-115.412642 -34.556089 62.669831
-115.373117 -34.583285 62.739483
-115.333539 -34.610441 62.809181
-115.293908 -34.637557 62.878923
-115.254224 -34.664634 62.948712
-115.214487 -34.691671 63.018545
-115.174697 -34.718668 63.088424
-115.134854 -34.745626 63.158349
-115.094958 -34.772543 63.228319
-115.055009 -34.799420 63.298334
-115.015006 -34.826257 63.368395
-114.974951 -34.853054 63.438501
-114.934843 -34.879810 63.508652
-114.894682 -34.906527 63.578850
-114.854467 -34.933203 63.649092
-114.814200 -34.959838 63.719380
-114.773880 -34.986433 63.789714
-114.733507 -35.012987 63.860093
-114.693081 -35.039501 63.930517
-114.713165 -35.051402 63.966416
-114.865449 -35.032483 63.928099
-115.096595 -34.996507 63.846746
-115.385535 -34.949675 63.734324
-115.726745 -34.894406 63.593878
-116.121410 -34.831723 63.424758
-116.573781 -34.762240 63.224711
-117.089667 -34.686617 62.990724
-117.675772 -34.605809 62.719377
-118.339363 -34.521242 62.407021
-119.088023 -34.434977 62.049899
-119.929410 -34.349857 61.644268
-120.870959 -34.269648 61.186529
-121.919516 -34.199180 60.673394
-123.080907 -34.144436 60.102065
-124.347297 -34.113118 59.476310
-125.628568 -34.113713 58.839161
-126.904495 -34.147044 58.199680
-128.174281 -34.212544 57.558460
-129.437219 -34.309624 56.916165
-130.692687 -34.437661 56.273222
-131.940150 -34.596014 55.629832
-133.179149 -34.784024 54.986040
-134.409296 -35.001024 54.341794
-135.630269 -35.246348 53.696977
-136.841811 -35.519331 53.051431
-138.043721 -35.819313 52.404966
-139.235831 -36.145648 51.757392
-140.418029 -36.497707 51.108495
-141.590245 -36.874879 50.458057
-142.752447 -37.276572 49.805853
-143.904631 -37.702217 49.151663
-145.046825 -38.151266 48.495269
-146.179076 -38.623196 47.836458
-147.301453 -39.117508 47.175026
-148.414042 -39.633730 46.510778
-149.516939 -40.171413 45.843529
-150.610254 -40.730133 45.173105
-151.694099 -41.309493 44.499347
-152.768592 -41.909117 43.822110
-153.833851 -42.528656 43.141264
-154.889993 -43.167782 42.456696
-155.937126 -43.826192 41.768315
-156.975352 -44.503602 41.076046
-158.009329 -45.195969 40.376633
-159.059699 -45.886324 39.655555
-160.134602 -46.568261 38.906932
-161.235896 -47.240528 38.129239
-162.364645 -47.902507 37.321503
-163.521812 -48.553640 36.482823
-164.708342 -49.193350 35.612313
-165.925165 -49.821040 34.709097
-167.173187 -50.436084 33.772325
-168.453282 -51.037830 32.801175
-169.766285 -51.625601 31.794867
-171.112976 -52.198691 30.752671
-172.494066 -52.756371 29.673928
-173.910191 -53.297888 28.558053
-175.361886 -53.822464 27.404559
-176.849575 -54.329299 26.213072
-178.373551 -54.817577 24.983345
-179.933961 -55.286463 23.715280
178.469216 -55.735112 22.408945
176.836188 -56.162668 21.064591
175.167364 -56.568274 19.682674
173.463376 -56.951071 18.263871
171.725094 -57.310209 16.809095
169.953638 -57.644853 15.319510
168.150391 -57.954187 13.796541
166.317005 -58.237425 12.241884
164.455406 -58.493815 10.657505
162.567789 -58.722652 9.045641
160.656616 -58.923281 7.408795
158.724598 -59.095108 5.749719
156.774679 -59.237604 4.071397
154.810013 -59.350318 2.377021
152.833929 -59.432877 0.669961
150.849903 -59.484992 -1.046270
148.861512 -59.506465 -2.768054
146.872398 -59.497190 -4.491713
144.886220 -59.457154 -6.213550
142.906613 -59.386438 -7.929891
140.937139 -59.285217 -9.637138
138.981253 -59.153752 -11.331798
137.042257 -58.992391 -13.010532
135.123272 -58.801562 -14.670184
133.227204 -58.581766 -16.307809
131.356727 -58.333573 -17.920700
129.514256 -58.057611 -19.506402
127.701946 -57.754559 -21.062728
125.921677 -57.425142 -22.587760
124.175059 -57.070120 -24.079853
122.463432 -56.690282 -25.537632
120.787879 -56.286436 -26.959980
119.149230 -55.859406 -28.346028
117.548086 -55.410022 -29.695143
115.984827 -54.939116 -31.006910
114.459634 -54.447517 -32.281112
112.972506 -53.936045 -33.517716
111.523279 -53.405507 -34.716851
110.111647 -52.856695 -35.878789
108.737175 -52.290384 -37.003930
107.399320 -51.707324 -38.092782
106.097450 -51.108247 -39.145944
104.831443 -50.493659 -40.152015
103.607982 -49.863467 -41.001538
102.433909 -49.222578 -41.671699
101.312785 -48.576593 -42.169078
100.246095 -47.930269 -42.503632
99.229226 -47.285173 -42.706318
98.236883 -46.631335 -42.884132
97.260791 -45.965777 -43.068473
96.300967 -45.288976 -43.259016
95.357498 -44.601289 -43.455378
94.430449 -43.903048 -43.657219
93.519857 -43.194568 -43.864249
92.625730 -42.476148 -44.076223
91.748050 -41.748075 -44.292939
90.886783 -41.010623 -44.514232
90.041879 -40.264049 -44.739975
89.213278 -39.508599 -44.970069
88.400918 -38.744503 -45.204446
87.604735 -37.971974 -45.443062
86.824672 -37.191210 -45.685893
86.060682 -36.402391 -45.932935
85.312742 -35.605674 -46.184195
84.580971 -34.801326 -46.439561
83.865599 -33.989428 -46.699178
83.166788 -33.169698 -46.962886
82.484957 -32.342021 -47.230580
81.820674 -31.506203 -47.502119
81.174658 -30.661848 -47.777375
80.549607 -29.811160 -48.055378
79.974033 -28.999573 -48.325714
79.477164 -28.278762 -48.575270
79.065237 -27.666167 -48.798083
78.732470 -27.160216 -48.993297
78.468079 -26.750368 -49.162809
78.260054 -26.422773 -49.309939
78.097020 -26.163267 -49.438441
77.969050 -25.958834 -49.551946
77.867892 -25.798206 -49.653691
77.786914 -25.671983 -49.746404
77.720916 -25.572520 -49.832302
77.665898 -25.493712 -49.913136
77.618834 -25.430746 -49.990258
77.577466 -25.379871 -50.064673
77.540130 -25.338181 -50.137120
77.505616 -25.303444 -50.208160
77.473050 -25.273952 -50.278208
77.441811 -25.248405 -50.347569
77.411464 -25.225815 -50.416459
77.381704 -25.205437 -50.485031
77.352323 -25.186706 -50.553390
77.323182 -25.169198 -50.621610
77.294187 -25.152596 -50.689739
77.265277 -25.136660 -50.757810
77.236415 -25.121211 -50.825845
77.207578 -25.106115 -50.893855
77.178753 -25.091275 -50.961849
77.149933 -25.076614 -51.029831
77.121116 -25.062078 -51.097804
77.092303 -25.047627 -51.165768
77.063493 -25.033229 -51.233723
77.034689 -25.018863 -51.301669
77.005894 -25.004511 -51.369605
76.977108 -24.990162 -51.437530
76.948335 -24.975807 -51.505444
76.919577 -24.961439 -51.573345
76.890833 -24.947053 -51.641234
76.862107 -24.932645 -51.709110
76.833399 -24.918213 -51.776972
76.804709 -24.903756 -51.844820
76.776040 -24.889271 -51.912653
76.747391 -24.874758 -51.980471
76.718762 -24.860216 -52.048275
76.690155 -24.845645 -52.116063
76.661569 -24.831043 -52.183836
76.633005 -24.816412 -52.251594
76.604463 -24.801751 -52.319336
76.575943 -24.787059 -52.387063
76.547445 -24.772336 -52.454774
76.518969 -24.757583 -52.522469
76.490517 -24.742800 -52.590149
76.462086 -24.727986 -52.657813
76.433679 -24.713142 -52.725461
76.405294 -24.698267 -52.793093
76.376931 -24.683362 -52.860710
76.348592 -24.668426 -52.928310
76.320275 -24.653460 -52.995895
76.291982 -24.638463 -53.063463
76.263711 -24.623436 -53.131016
76.235463 -24.608378 -53.198553
76.207238 -24.593290 -53.266074
76.179037 -24.578172 -53.333579
76.150858 -24.563024 -53.401067
76.122703 -24.547845 -53.468540
76.094570 -24.532636 -53.535997
76.066461 -24.517397 -53.603437
76.038375 -24.502128 -53.670862
76.010312 -24.486828 -53.738270
75.982273 -24.471498 -53.805663
75.954257 -24.456139 -53.873039
75.926264 -24.440749 -53.940399
75.898295 -24.425329 -54.007743
75.870349 -24.409879 -54.075070
75.842427 -24.394400 -54.142382
75.814528 -24.378890 -54.209677
75.786652 -24.363350 -54.276956
75.758800 -24.347781 -54.344218
75.730972 -24.332181 -54.411465
75.703168 -24.316552 -54.478695
75.675387 -24.300893 -54.545909
75.647629 -24.285204 -54.613106
75.619896 -24.269486 -54.680287
75.592186 -24.253738 -54.747452
75.564500 -24.237960 -54.814600
75.536837 -24.222152 -54.881732
75.509199 -24.206315 -54.948848
75.481584 -24.190448 -55.015947
75.453994 -24.174551 -55.083030
75.426427 -24.158625 -55.150097
75.398884 -24.142670 -55.217146
75.371366 -24.126685 -55.284180
75.343871 -24.110671 -55.351197
75.316400 -24.094627 -55.418197
75.288954 -24.078554 -55.485181
75.261531 -24.062451 -55.552149
75.234133 -24.046319 -55.619100
75.206759 -24.030158 -55.686034
75.179409 -24.013967 -55.752952
75.152084 -23.997747 -55.819853
75.124782 -23.981498 -55.886738
75.097505 -23.965220 -55.953606
75.070253 -23.948913 -56.020457
75.043024 -23.932576 -56.087292
75.015820 -23.916211 -56.154110
74.988641 -23.899816 -56.220912
74.961486 -23.883392 -56.287697
74.934355 -23.866940 -56.354465
74.917958 -23.693270 -56.441290
74.928528 -23.047668 -56.507621
74.902166 -22.033141 -56.597915
74.793511 -21.007479 -56.700022
74.671510 -19.984542 -56.804648
74.550114 -18.961933 -56.907639
74.431440 -17.939235 -57.008323
74.315749 -16.916388 -57.106682
74.203014 -15.893383 -57.202792
74.093168 -14.870223 -57.296743
73.986139 -13.846911 -57.388620
73.881860 -12.823450 -57.478509
73.780268 -11.799842 -57.566490
73.681304 -10.776090 -57.652640
73.584912 -9.752196 -57.737034
73.491039 -8.728164 -57.819744
73.399638 -7.703995 -57.900840
73.310663 -6.679690 -57.980391
73.224073 -5.655241 -58.058460
73.139827 -4.630661 -58.135113
73.057891 -3.605951 -58.210411
72.978231 -2.581113 -58.284414
72.900816 -1.556149 -58.357183
72.825620 -0.531059 -58.428775
72.752618 0.494155 -58.499247
72.681791 1.519516 -58.568656
72.613124 2.545035 -58.637055
72.546600 3.570709 -58.704499
72.482204 4.596539 -58.771044
72.419925 5.622523 -58.836742
72.359753 6.648660 -58.901649
72.301681 7.674949 -58.965817
72.245706 8.701389 -59.029302
72.191825 9.727979 -59.092157
72.140040 10.754718 -59.154438
72.090354 11.781605 -59.216199
72.042775 12.808640 -59.277496
71.997311 13.835820 -59.338388
71.953976 14.863145 -59.398932
71.912785 15.890614 -59.459187
71.873757 16.918226 -59.519214
71.836914 17.945980 -59.579077
71.802282 18.973875 -59.638839
71.769890 20.001909 -59.698568
71.739773 21.030081 -59.758332
71.711966 22.058391 -59.818204
71.686513 23.086836 -59.878259
71.663459 24.115415 -59.938575
71.642856 25.144128 -59.999233
71.624761 26.172971 -60.060321
71.609236 27.201944 -60.121928
71.596349 28.231045 -60.184151
71.586176 29.260272 -60.247090
71.578798 30.289623 -60.310852
71.574305 31.319095 -60.375551
71.572795 32.348687 -60.441309
71.574375 33.378396 -60.508253
71.579161 34.408219 -60.576523
71.587281 35.438153 -60.646266
71.598874 36.468195 -60.717640
71.614091 37.498342 -60.790817
71.633100 38.528589 -60.865981
71.656080 39.558932 -60.943330
71.683231 40.589366 -61.023078
71.714770 41.619886 -61.105461
71.750936 42.650487 -61.190731
71.791990 43.681162 -61.279164
71.838221 44.711903 -61.371063
71.889944 45.742703 -61.466758
71.947509 46.773553 -61.566609
72.011303 47.804442 -61.671017
72.081751 48.835360 -61.780418
72.159329 49.866295 -61.895298
72.244560 50.897231 -62.016193
72.338033 51.928153 -62.143699
72.440401 52.959044 -62.278480
72.552396 53.989882 -62.421278
72.674841 55.020645 -62.572922
72.808660 56.051306 -62.734348
72.954900 57.081834 -62.906606
73.114744 58.112195 -63.090890
73.289539 59.142348 -63.288553
73.480823 60.172247 -63.501138
73.690357 61.201838 -63.730413
73.920168 62.231057 -63.978413
74.172604 63.259832 -64.247488
74.450389 64.288075 -64.540369
74.756707 65.315685 -64.860246
75.095302 66.342537 -65.210866
75.470599 67.368487 -65.596658
75.887865 68.393358 -66.022895
76.353414 69.416937 -66.495895
76.874875 70.438964 -67.023291
77.461545 71.459117 -67.614383
78.124854 72.476996 -68.280606
78.878998 73.492098 -69.036159
79.741799 74.503782 -69.898871
80.735902 75.511226 -70.891388
81.890439 76.513355 -72.042848
83.243447 77.508763 -73.391293
84.845246 78.495524 -74.987048
86.763516 79.470987 -76.897799
89.090711 80.431440 -79.216009
91.954993 81.371561 -82.069850
95.535992 82.283533 -85.638962
100.085986 83.155603 -90.175635
105.952810 83.969744 -96.027747
113.601980 84.696639 -103.661794
123.527938 85.292016 -113.573352
135.913452 85.697355 -125.945996
150.104326 85.852578 -140.126707
164.441497 85.725819 -154.458268
177.043029 85.340211 -167.061231
-173.430458 84.799776 -176.595189
-166.807179 84.223298 176.771215
-162.297922 83.682691 172.251148
-159.218844 83.208940 169.162185
-157.099468 82.809141 167.034528
-155.633060 82.478700 165.561640
-154.619551 82.208277 164.543378
-153.926080 81.987399 163.846676
-153.462347 81.806171 163.380986
-153.165574 81.655987 163.083287
-152.991240 81.529711 162.908837
-152.907233 81.421610 162.825341
-152.890093 81.327180 162.809185
-152.922496 81.242941 162.842931
-152.991564 81.166239 162.913604
-153.087665 81.095070 163.011506
-153.203576 81.027933 163.129358
-153.333868 80.963715 163.261693
-153.474458 80.901594 163.404400
-153.622277 80.840966 163.554388
-153.775019 80.781392 163.709334
-153.930952 80.722550 163.867498
-154.088781 80.664209 164.027575
-154.247538 80.606203 164.188594
-154.406505 80.548413 164.349830
-154.565149 80.490752 164.510749
-154.723078 80.433162 164.670957
-154.880008 80.375598 164.830169
-155.035732 80.318032 164.988175
-155.190103 80.260442 165.144831
-155.343020 80.202815 165.300031
-155.494412 80.145141 165.453709
-155.644236 80.087414 165.605818
-155.792466 80.029629 165.756333
-155.939088 79.971785 165.905241
-156.084102 79.913879 166.052540
-156.227511 79.855912 166.198234
-156.369325 79.797883 166.342334
-156.509559 79.739793 166.484853
-156.648229 79.681642 166.625808
-156.785353 79.623431 166.765217
-156.920950 79.565161 166.903100
-157.055042 79.506833 167.039478
-157.187650 79.448447 167.174370
-157.318794 79.390004 167.307800
-157.448495 79.331506 167.439787
-157.576777 79.272952 167.570353
-157.703658 79.214345 167.699520
-157.829160 79.155685 167.827308
-157.953305 79.096973 167.953738
-158.076111 79.038209 168.078830
-158.197600 78.979395 168.202604
-158.317791 78.920531 168.325080
-158.436703 78.861618 168.446278
-158.554355 78.802657 168.566216
-158.670767 78.743649 168.684913
-158.785956 78.684593 168.802388
-158.899941 78.625493 168.918658
-159.012739 78.566346 169.033742
-159.124368 78.507156 169.147657
-159.234845 78.447921 169.260420
-159.344187 78.388643 169.372047
-159.452409 78.329323 169.482555
-159.559529 78.269961 169.591961
-159.665562 78.210558 169.700280
-159.770524 78.151114 169.807528
-159.874431 78.091630 169.913720
-159.977296 78.032107 170.018872
-160.079135 77.972545 170.122997
-160.179963 77.912945 170.226111
-160.279793 77.853307 170.328227
-160.378640 77.793632 170.429361
-160.476518 77.733920 170.529525
-160.573439 77.674172 170.628733
-160.669418 77.614389 170.726998
-160.764467 77.554571 170.824333
-160.858599 77.494718 170.920752
-160.951827 77.434831 171.016266
-161.044163 77.374911 171.110889
-161.135619 77.314957 171.204631
-161.226207 77.254971 171.297506
-161.315939 77.194953 171.389525
-161.404827 77.134903 171.480699
-161.492881 77.074822 171.571040
-161.580113 77.014710 171.660559
-161.666533 76.954567 171.749267
-161.752154 76.894395 171.837174
-161.836984 76.834193 171.924291
-161.921035 76.773962 172.010629
-162.004317 76.713702 172.096198
-162.086839 76.653413 172.181008
-162.168613 76.593097 172.265069
-162.249646 76.532753 172.348390
-162.329950 76.472382 172.430981
-162.409533 76.411984 172.512852
-162.488405 76.351559 172.594011
-162.566575 76.291108 172.674468
-162.644051 76.230632 172.754232
-162.720843 76.170130 172.833312
-162.796958 76.109602 172.911716
-162.872407 76.049050 172.989452
-162.947197 75.988473 173.066530
-163.021336 75.927872 173.142957
-163.094832 75.867247 173.218741
-163.167694 75.806599 173.293891
-163.239929 75.745927 173.368415
-163.311545 75.685233 173.442319
-163.382550 75.624515 173.515612
-163.452950 75.563775 173.588301
-163.522755 75.503013 173.660394
-163.591969 75.442229 173.731898
-163.660602 75.381424 173.802819
-163.728660 75.320597 173.873166
-163.796149 75.259749 173.942944
-163.863077 75.198881 174.012161
-163.929451 75.137991 174.080823
-163.995276 75.077082 174.148938
-164.060560 75.016152 174.216511
-164.125308 74.955203 174.283548
-164.189528 74.894234 174.350057
-164.253225 74.833246 174.416044
-164.316405 74.772238 174.481514
-164.379075 74.711212 174.546473
-164.441240 74.650167 174.610928
-164.502907 74.589104 174.674885
-164.564080 74.528022 174.738348
-164.624766 74.466923 174.801325
-165.118251 74.512276 175.346055
-166.971175 74.833485 177.334873
-170.237786 75.261506 -179.327333
-174.000127 75.543754 -175.658685
-177.908838 75.738077 -171.855979
178.093596 75.863470 -167.965622
174.044813 75.921457 -164.024940
169.982401 75.911739 -160.071534
165.944355 75.834577 -156.143418
161.967206 75.691126 -152.277150
158.084102 75.483404 -148.505901
154.323308 75.214174 -144.857965
150.707289 74.886777 -141.355831
147.252396 74.504953 -138.015877
143.969080 74.072669 -134.848584
140.862497 73.593968 -131.859135
137.933328 73.072841 -129.048243
135.178693 72.513132 -126.413055
132.593033 71.918477 -123.948049
130.168914 71.292261 -121.645820
127.897695 70.637598 -119.497760
125.770066 69.957327 -117.494598
123.776468 69.254020 -115.626807
121.907391 68.529992 -113.884916
120.153591 67.787320 -112.259722
118.506232 67.027866 -110.742426
116.956969 66.253291 -109.324725
115.497962 65.465064 -107.998828
114.121984 64.664518 -106.757549
112.822340 63.852843 -105.594239
111.592853 63.031099 -104.502771
110.427853 62.200233 -103.477524
109.322142 61.361093 -102.513353
108.270959 60.514443 -101.605555
107.269947 59.660967 -100.749829
106.315119 58.801284 -99.942249
105.402823 57.935953 -99.179229
104.529715 57.065481 -98.457491
103.692729 56.190328 -97.774038
102.889046 55.310913 -97.126129
102.116077 54.427621 -96.511253
101.371434 53.540804 -95.927108
100.652915 52.650786 -95.371578
99.958478 51.757868 -94.842719
99.286231 50.862330 -94.338741
98.634411 49.964434 -93.857990
98.001371 49.064426 -93.398936
97.385564 48.162541 -92.960163
96.785534 47.259002 -92.540352
96.199898 46.354026 -92.138272
95.627335 45.447825 -91.752770
95.066576 44.540609 -91.382762
94.516386 43.632588 -91.027219
93.975550 42.723979 -90.685160
93.442859 41.815007 -90.355639
92.916835 40.906185 -90.037315
92.393209 39.998639 -89.725587
91.868666 39.093047 -89.417257
91.341034 38.190034 -89.110006
90.808053 37.290308 -88.800993
90.266975 36.394611 -88.486112
89.727850 35.519052 -88.169596
89.237859 34.722937 -87.884189
88.822298 34.039707 -87.648406
88.484657 33.475029 -87.465433
88.218659 33.020579 -87.331382
88.014440 32.662031 -87.239665
87.861562 32.383496 -87.183183
87.750368 32.169818 -87.155333
87.672495 32.007618 -87.150363
87.620965 31.885632 -87.163462
87.590094 31.794668 -87.190707
87.575325 31.727397 -87.228953
87.573048 31.678069 -87.275710
87.580425 31.642236 -87.329022
87.595238 31.616490 -87.387366
87.615766 31.598245 -87.449562
87.640675 31.585550 -87.514698
87.668936 31.576943 -87.582073
87.699758 31.571334 -87.651152
87.732532 31.567914 -87.721523
87.766793 31.566085 -87.792875
87.802186 31.565407 -87.864968
87.838439 31.565554 -87.937624
87.875345 31.566290 -88.010703
87.912746 31.567441 -88.084103
87.950522 31.568881 -88.157746
87.988583 31.570518 -88.231571
88.026860 31.572284 -88.305535
88.065300 31.574132 -88.379603
88.103864 31.576026 -88.453751
88.142523 31.577941 -88.527958
88.181253 31.579859 -88.602212
88.220038 31.581767 -88.676501
88.258865 31.583655 -88.750817
88.297724 31.585517 -88.825154
88.336608 31.587348 -88.899508
88.375512 31.589144 -88.973874
88.414431 31.590903 -89.048251
88.453362 31.592622 -89.122637
88.492304 31.594302 -89.197030
88.531253 31.595941 -89.271429
88.570209 31.597538 -89.345832
88.609171 31.599093 -89.420241
88.648139 31.600606 -89.494653
88.687110 31.602076 -89.569069
88.726086 31.603503 -89.643489
88.765065 31.604887 -89.717911
88.804047 31.606228 -89.792337
88.843032 31.607527 -89.866765
88.882020 31.608782 -89.941196
88.921011 31.609994 -90.015629
88.960005 31.611163 -90.090064
88.999000 31.612289 -90.164502
89.037998 31.613373 -90.238942
89.076998 31.614413 -90.313385
89.116001 31.615411 -90.387829
89.155005 31.616365 -90.462275
89.194011 31.617277 -90.536723
89.233018 31.618145 -90.611173
89.272028 31.618971 -90.685624
89.311039 31.619753 -90.760078
89.350051 31.620492 -90.834532
89.389065 31.621188 -90.908989
89.428080 31.621841 -90.983446
89.467097 31.622451 -91.057906
89.506114 31.623017 -91.132366
89.545133 31.623541 -91.206828
89.584153 31.624021 -91.281291
89.623173 31.624458 -91.355754
89.662195 31.624852 -91.430219
89.701217 31.625203 -91.504685
89.740240 31.625511 -91.579152
89.779263 31.625775 -91.653620
89.818287 31.625996 -91.728088
89.857311 31.626174 -91.802557
89.896335 31.626309 -91.877027
89.935360 31.626401 -91.951497
89.974385 31.626449 -92.025968
90.013410 31.626455 -92.100439
90.052435 31.626417 -92.174910
90.091460 31.626336 -92.249382
90.130484 31.626211 -92.323854
90.169509 31.626044 -92.398326
90.208533 31.625833 -92.472798
90.247556 31.625580 -92.547270
90.286579 31.625283 -92.621742
90.325602 31.624942 -92.696214
90.364624 31.624559 -92.770686
90.403645 31.624133 -92.845157
90.442665 31.623663 -92.919628
90.481684 31.623150 -92.994099
90.520702 31.622594 -93.068569
90.559719 31.621995 -93.143038
90.598735 31.621352 -93.217507
90.637749 31.620667 -93.291976
90.676762 31.619938 -93.366443
90.715774 31.619166 -93.440910
90.754784 31.618351 -93.515375
90.793793 31.617493 -93.589840
90.832799 31.616591 -93.664304
90.871805 31.615647 -93.738766
90.910808 31.614659 -93.813228
90.949809 31.613628 -93.887688
90.988808 31.612554 -93.962147
91.027805 31.611437 -94.036604
91.066800 31.610277 -94.111060
91.105793 31.609073 -94.185515
91.144783 31.607827 -94.259968
91.183771 31.606537 -94.334419
91.222756 31.605204 -94.408869
91.261738 31.603828 -94.483316
91.300718 31.602409 -94.557762
91.339695 31.600947 -94.632206
91.378670 31.599441 -94.706648
91.417641 31.597893 -94.781088
91.456609 31.596301 -94.855526
91.495574 31.594667 -94.929961
91.534536 31.592989 -95.004395
91.573495 31.591268 -95.078826
91.612450 31.589504 -95.153254
91.651401 31.587697 -95.227680
91.690350 31.585847 -95.302104
91.729294 31.583953 -95.376524
91.768235 31.582017 -95.450943
91.807172 31.580038 -95.525358
91.846105 31.578015 -95.599771
91.885035 31.575950 -95.674180
91.923960 31.573841 -95.748587
91.962881 31.571689 -95.822991
92.001798 31.569495 -95.897392
92.040710 31.567257 -95.971789
92.079619 31.564976 -96.046183
92.118522 31.562652 -96.120574
92.157422 31.560285 -96.194962
92.196316 31.557875 -96.269346
92.235206 31.555423 -96.343727
92.274091 31.552927 -96.418104
92.312971 31.550388 -96.492477
92.351847 31.547806 -96.566847
92.390717 31.545181 -96.641213
92.429582 31.542513 -96.715575
92.468442 31.539802 -96.789934
92.507297 31.537049 -96.864288
92.546146 31.534252 -96.938638
92.584990 31.531412 -97.012984
92.623828 31.528530 -97.087326
92.662661 31.525604 -97.161664
92.701488 31.522635 -97.235997
92.740309 31.519624 -97.310327
92.779124 31.516570 -97.384651
92.817933 31.513472 -97.458971
92.856737 31.510332 -97.533287
92.895534 31.507149 -97.607598
92.934325 31.503923 -97.681904
92.973110 31.500655 -97.756205
93.011888 31.497343 -97.830502
93.050660 31.493989 -97.904793
93.089426 31.490591 -97.979080
93.128185 31.487151 -98.053362
93.166937 31.483668 -98.127638
93.205682 31.480142 -98.201910
93.244421 31.476574 -98.276176
93.283153 31.472962 -98.350437
93.321877 31.469308 -98.424692
93.360595 31.465611 -98.498942
93.399305 31.461872 -98.573186
93.438008 31.458089 -98.647425
93.476704 31.454264 -98.721658
93.515393 31.450397 -98.795886
93.554074 31.446488 -98.870107
93.592747 31.442536 -98.944323
93.631413 31.438541 -99.018533
93.670071 31.434503 -99.092737
93.708721 31.430423 -99.166934
93.747363 31.426299 -99.241126
93.785997 31.422133 -99.315312
93.824624 31.417924 -99.389491
93.863242 31.413672 -99.463664
93.901852 31.409378 -99.537830
94.074725 31.512898 -99.747320
94.630720 31.941890 -100.307877
95.413083 32.677919 -100.977743
96.125290 33.500387 -101.450092
96.828405 34.328876 -101.914197
97.544435 35.153509 -102.393283
98.277280 35.972604 -102.890086
99.028137 36.785670 -103.405552
99.797824 37.592380 -103.940412
100.587124 38.392420 -104.495391
101.396838 39.185462 -105.071232
102.227790 39.971159 -105.668704
103.080830 40.749147 -106.288605
103.956831 41.519044 -106.931754
104.856691 42.280444 -107.598996
105.781328 43.032921 -108.291199
106.731680 43.776024 -109.009251
107.708702 44.509281 -109.754057
108.713364 45.232193 -110.526537
109.746645 45.944236 -111.327623
110.809529 46.644859 -112.158250
111.903001 47.333481 -113.019357
113.028038 48.009495 -113.911875
114.185605 48.672265 -114.836721
115.376641 49.321123 -115.794789
116.602053 49.955372 -116.786941
117.862703 50.574285 -117.813995
119.159396 51.177105 -118.876712
120.492865 51.763046 -119.975779
121.863755 52.331291 -121.111801
123.272608 52.880999 -122.285273
124.719842 53.411302 -123.496573
126.205732 53.921309 -124.745933
127.730392 54.410109 -126.033426
129.293754 54.876776 -127.358940
130.895544 55.320368 -128.722160
132.535264 55.739940 -130.122548
134.212171 56.134541 -131.559320
135.925262 56.503228 -133.031432
137.673255 56.845068 -134.537563
139.454579 57.159145 -136.076102
141.267367 57.444571 -137.645141
143.109491 57.700498 -139.242509
144.978456 57.926107 -140.865676
146.871491 58.120631 -142.511836
148.785561 58.283358 -144.177918
150.717378 58.413643 -145.860597
152.663421 58.510903 -147.556320
154.619974 58.574628 -149.261337
156.583161 58.604376 -150.971741
158.548987 58.599774 -152.683508
160.513375 58.560515 -154.392537
162.471921 58.485854 -156.094831
164.420666 58.372442 -157.788435
166.355080 58.218109 -159.470035
168.269951 58.021596 -161.135753
170.159837 57.781616 -162.782208
172.019250 57.496595 -164.407246
173.806614 57.172970 -165.977310
175.399473 56.842275 -167.382343
176.741962 56.529932 -168.569871
177.835303 56.249214 -169.538823
178.705807 56.004691 -170.311206
179.388023 55.795512 -170.916927
179.916530 55.617953 -171.386284
-179.677656 55.467128 -171.746624
-179.368261 55.338024 -172.021201
-179.133778 55.226049 -172.229100
-178.956998 55.127268 -172.385617
-178.824362 55.038456 -172.502817
-178.725314 54.957054 -172.590105
-178.651708 54.881078 -172.654739
-178.597298 54.809025 -172.702288
-178.557326 54.739770 -172.736994
-178.528181 54.672486 -172.762074
-178.507136 54.606572 -172.779961
-178.492135 54.541596 -172.792485
-178.481638 54.477254 -172.801017
-178.474488 54.413330 -172.806585
-178.469823 54.349676 -172.809957
-178.466997 54.286192 -172.811704
-178.465533 54.222809 -172.812253
-178.465072 54.159483 -172.811918
-178.465350 54.096185 -172.810934
-178.466171 54.032897 -172.809475
-178.467390 53.969609 -172.807668
-178.468900 53.906315 -172.805608
-178.470620 53.843011 -172.803365
-178.472493 53.779698 -172.800989
-178.474476 53.716374 -172.798520
-178.476537 53.653042 -172.795984
-178.478653 53.589701 -172.793402
-178.480806 53.526353 -172.790788
-178.482985 53.462999 -172.788155
-178.485180 53.399640 -172.785508
-178.487384 53.336277 -172.782855
-178.489592 53.272910 -172.780199
-178.491802 53.209541 -172.777544
-178.494010 53.146170 -172.774891
-178.496215 53.082796 -172.772242
-178.498415 53.019422 -172.769600
-178.500609 52.956046 -172.766963
-178.502797 52.892669 -172.764333
-178.504978 52.829292 -172.761710
-178.507152 52.765913 -172.759095
-178.509318 52.702535 -172.756488
-178.511477 52.639156 -172.753888
-178.513628 52.575776 -172.751297
-178.515771 52.512396 -172.748713
-178.517907 52.449016 -172.746137
-178.520034 52.385636 -172.743569
-178.522154 52.322255 -172.741010
-178.524266 52.258874 -172.738458
-178.526370 52.195494 -172.735914
-178.528467 52.132112 -172.733378
-178.530555 52.068731 -172.730850
-178.532636 52.005350 -172.728330
-178.534710 51.941968 -172.725817
-178.536775 51.878586 -172.723312
-178.538834 51.815204 -172.720815
-178.540884 51.751822 -172.718326
-178.542927 51.688440 -172.715845
-178.544963 51.625057 -172.713371
-178.546991 51.561675 -172.710904
-178.549012 51.498292 -172.708445
-178.551025 51.434909 -172.705994
-178.553031 51.371526 -172.703550
-178.555030 51.308143 -172.701114
-178.557021 51.244760 -172.698685
-178.559005 51.181376 -172.696263
-178.560982 51.117993 -172.693849
-178.562952 51.054609 -172.691442
-178.564915 50.991225 -172.689042
-178.566870 50.927841 -172.686649
-178.568819 50.864457 -172.684264
-178.570760 50.801073 -172.681886
-178.572695 50.737688 -172.679515
-178.574622 50.674304 -172.677151
-178.576543 50.610919 -172.674794
-178.578456 50.547534 -172.672444
-178.580363 50.484149 -172.670101
-178.582263 50.420764 -172.667766
-178.584156 50.357378 -172.665437
-178.586042 50.293993 -172.663115
-178.587922 50.230607 -172.660799
-178.589795 50.167221 -172.658491
-178.591661 50.103835 -172.656190
-178.593521 50.040449 -172.653895
-178.595374 49.977063 -172.651607
-178.597220 49.913677 -172.649326
-178.599060 49.850290 -172.647051
-178.600893 49.786904 -172.644783
-178.602720 49.723517 -172.642522
-178.604540 49.660130 -172.640267
-178.606354 49.596743 -172.638019
-178.608162 49.533356 -172.635777
-178.609963 49.469968 -172.633542
-178.611758 49.406581 -172.631313
-178.613546 49.343193 -172.629091
-178.615328 49.279806 -172.626875
-178.617104 49.216418 -172.624666
-178.618874 49.153030 -172.622462
-178.620637 49.089641 -172.620266
-178.622394 49.026253 -172.618075
-178.624146 48.962865 -172.615891
-178.625891 48.899476 -172.613713
-178.627629 48.836087 -172.611541
-178.629362 48.772698 -172.609376
-178.631089 48.709309 -172.607216
-178.632810 48.645920 -172.605063
-178.634525 48.582531 -172.602916
-178.636234 48.519141 -172.600774
-178.637936 48.455752 -172.598639
-178.639633 48.392362 -172.596510
-178.641325 48.328972 -172.594387
-178.643010 48.265582 -172.592270
-178.644689 48.202192 -172.590159
-178.646363 48.138801 -172.588054
-178.648031 48.075411 -172.585954
-178.649693 48.012020 -172.583861
