5.235988e-003 6.981317e-003 8.726646e-003
-1.529478e-003 1.215690e-002 2.046217e-003
-8.206917e-003 1.723492e-002 -1.653064e-003
-1.172624e-002 1.442781e-002 1.772256e-005
-1.247026e-002 1.355829e-002 1.581414e-004
-1.261885e-002 1.337338e-002 1.636838e-004
-1.264498e-002 1.334044e-002 1.625985e-004
-1.264529e-002 1.334003e-002 1.612407e-004
-1.263992e-002 1.334678e-002 1.598412e-004
-1.263308e-002 1.335538e-002 1.583912e-004
-1.262565e-002 1.336470e-002 1.568862e-004
-1.261781e-002 1.337453e-002 1.553254e-004
-1.260959e-002 1.338483e-002 1.537090e-004
-1.260099e-002 1.339558e-002 1.520375e-004
-1.259200e-002 1.340681e-002 1.503111e-004
-1.258261e-002 1.341851e-002 1.485306e-004
-1.257282e-002 1.343070e-002 1.466962e-004
-1.256260e-002 1.344338e-002 1.448086e-004
-1.255196e-002 1.345658e-002 1.428683e-004
-1.254087e-002 1.347030e-002 1.408757e-004
-1.252933e-002 1.348456e-002 1.388315e-004
-1.251732e-002 1.349936e-002 1.367361e-004
-1.250483e-002 1.351473e-002 1.345902e-004
-1.249183e-002 1.353068e-002 1.323942e-004
-1.247832e-002 1.354723e-002 1.301488e-004
-1.246428e-002 1.356438e-002 1.278546e-004
-1.244967e-002 1.358217e-002 1.255121e-004
-1.243450e-002 1.360062e-002 1.231219e-004
-1.241873e-002 1.361974e-002 1.206847e-004
-1.240234e-002 1.363956e-002 1.182011e-004
-1.238530e-002 1.366010e-002 1.156717e-004
-1.236759e-002 1.368139e-002 1.130970e-004
-1.234918e-002 1.370345e-002 1.104778e-004
-1.233003e-002 1.372632e-002 1.078145e-004
-1.231023e-002 1.375020e-002 1.051131e-004
-1.228951e-002 1.377479e-002 1.023641e-004
-1.226794e-002 1.380030e-002 9.957288e-005
-1.224547e-002 1.382676e-002 9.674011e-005
-1.222206e-002 1.385423e-002 9.386646e-005
-1.219766e-002 1.388274e-002 9.095250e-005
-1.217221e-002 1.391237e-002 8.799881e-005
-1.214564e-002 1.394316e-002 8.500599e-005
-1.211788e-002 1.397517e-002 8.197460e-005
-1.208886e-002 1.400849e-002 7.890517e-005
-1.205849e-002 1.404319e-002 7.579822e-005
-1.202667e-002 1.407936e-002 7.265422e-005
-1.199330e-002 1.411710e-002 6.947363e-005
-1.195825e-002 1.415650e-002 6.625687e-005
-1.192139e-002 1.419771e-002 6.300427e-005
-1.188255e-002 1.424085e-002 5.971621e-005
-1.184157e-002 1.428607e-002 5.639290e-005
-1.179825e-002 1.433357e-002 5.303453e-005
-1.175233e-002 1.438353e-002 4.964107e-005
-1.170356e-002 1.443621e-002 4.621276e-005
-1.165148e-002 1.449202e-002 4.275448e-005
-1.159577e-002 1.455122e-002 3.927030e-005
-1.153604e-002 1.461410e-002 3.576019e-005
-1.147177e-002 1.468110e-002 3.222361e-005
-1.140230e-002 1.475276e-002 2.865998e-005
-1.132680e-002 1.482976e-002 2.506816e-005
-1.124425e-002 1.491293e-002 2.144678e-005
-1.113919e-002 1.500939e-002 1.816340e-005
-1.098000e-002 1.516500e-002 1.638560e-005
-1.078897e-002 1.534639e-002 1.432737e-005
-1.057242e-002 1.554568e-002 1.147333e-005
-9.978082e-003 1.523808e-002 9.460275e-006
-8.066243e-003 1.275715e-002 7.672541e-007
-6.119354e-003 1.001414e-002 -3.607228e-006
-4.103054e-003 7.035771e-003 -5.172171e-006
-2.058998e-003 3.942667e-003 -5.311920e-006
-1.707531e-004 1.047576e-003 -3.031258e-006
2.889045e-004 3.312139e-004 -1.078036e-006
2.684777e-004 3.027216e-004 4.120037e-007
2.356730e-004 2.662149e-004 1.176730e-006
2.007926e-004 2.271030e-004 1.611258e-006
1.677736e-004 1.899426e-004 1.890754e-006
1.383430e-004 1.567309e-004 2.091325e-006
1.130253e-004 1.281010e-004 2.246152e-006
9.173212e-005 1.039827e-004 2.370251e-006
7.409193e-005 8.397630e-005 2.471130e-006
5.962918e-005 6.755668e-005 2.553233e-006
4.785806e-005 5.418200e-005 2.619717e-006
3.832772e-005 4.334635e-005 2.673120e-006
3.064105e-005 3.460238e-005 2.715604e-006
2.445842e-005 2.756647e-005 2.749031e-006
1.949553e-005 2.191681e-005 2.775000e-006
1.551763e-005 1.738729e-005 2.794864e-006
1.233269e-005 1.375996e-005 2.809759e-006
9.784683e-006 1.085758e-005 2.820625e-006
7.747445e-006 8.536719e-006 2.828237e-006
6.119295e-006 6.681728e-006 2.833227e-006
4.818501e-006 5.199596e-006 2.836109e-006
3.779485e-006 4.015674e-006 2.837299e-006
2.949704e-006 3.070134e-006 2.837131e-006
2.287097e-006 2.315074e-006 2.835876e-006
1.758025e-006 1.712175e-006 2.833751e-006
1.335596e-006 1.230799e-006 2.830929e-006
9.983184e-007 8.464636e-007 2.827549e-006
7.290276e-007 5.396068e-007 2.823724e-006
5.140130e-007 2.946062e-007 2.819543e-006
3.423267e-007 9.898567e-008 2.815077e-006
2.052276e-007 -5.721618e-008 2.810383e-006
9.573733e-008 -1.819524e-007 2.805507e-006
8.284941e-009 -2.815720e-007 2.800486e-006
-6.157652e-008 -3.611432e-007 2.795348e-006
-1.173968e-007 -4.247115e-007 2.790118e-006
-1.620092e-007 -4.755063e-007 2.784813e-006
-1.976753e-007 -5.161052e-007 2.779449e-006
-2.262004e-007 -5.485653e-007 2.774037e-006
-2.490251e-007 -5.745289e-007 2.768587e-006
-2.672995e-007 -5.953066e-007 2.763107e-006
-2.819414e-007 -6.119445e-007 2.757603e-006
-2.936835e-007 -6.252776e-007 2.752079e-006
-3.031105e-007 -6.359722e-007 2.746540e-006
-3.106890e-007 -6.445603e-007 2.740988e-006
-3.167915e-007 -6.514663e-007 2.735427e-006
-3.217154e-007 -6.570291e-007 2.729858e-006
-3.256980e-007 -6.615191e-007 2.724283e-006
-3.289285e-007 -6.651521e-007 2.718703e-006
-3.315582e-007 -6.681006e-007 2.713119e-006
-3.337078e-007 -6.705018e-007 2.707532e-006
-3.354735e-007 -6.724654e-007 2.701942e-006
-3.369322e-007 -6.740793e-007 2.696351e-006
-3.381452e-007 -6.754132e-007 2.690759e-006
-3.391614e-007 -6.765229e-007 2.685166e-006
-3.400200e-007 -6.774531e-007 2.679571e-006
-3.407522e-007 -6.782390e-007 2.673977e-006
-3.413808e-007 -6.789071e-007 2.668378e-006
-3.419261e-007 -6.794802e-007 2.662774e-006
-3.269311e-007 -6.619705e-007 2.657389e-006
-2.426275e-007 -5.660706e-007 2.652904e-006
-1.256447e-007 -4.328450e-007 2.648808e-006
-2.667945e-009 -2.927562e-007 2.644852e-006
1.131124e-007 -1.608466e-007 2.640964e-006
2.160099e-007 -4.360363e-008 2.637134e-006
3.043720e-007 5.708529e-008 2.633364e-006
3.786006e-007 1.416750e-007 2.629656e-006
4.400416e-007 2.116976e-007 2.626009e-006
4.903801e-007 2.690721e-007 2.622419e-006
5.313250e-007 3.157448e-007 2.618880e-006
5.644566e-007 3.535160e-007 2.615383e-006
5.911651e-007 3.839694e-007 2.611924e-006
6.126364e-007 4.084561e-007 2.608494e-006
6.298625e-007 4.281060e-007 2.605088e-006
6.436430e-007 4.438301e-007 2.601720e-006
6.545488e-007 4.562797e-007 2.598483e-006
6.631794e-007 4.661371e-007 2.595327e-006
6.700223e-007 4.739577e-007 2.592214e-006
6.754553e-007 4.801718e-007 2.589123e-006
6.797731e-007 4.851153e-007 2.586043e-006
6.832067e-007 4.890514e-007 2.582970e-006
6.859380e-007 4.921874e-007 2.579899e-006
6.881107e-007 4.946869e-007 2.576830e-006
6.898385e-007 4.966796e-007 2.573761e-006
6.912116e-007 4.982682e-007 2.570692e-006
6.923000e-007 4.995323e-007 2.567623e-006
6.931537e-007 5.005292e-007 2.564559e-006
6.938225e-007 5.013152e-007 2.561499e-006
6.943456e-007 5.019354e-007 2.558438e-006
6.947537e-007 5.024244e-007 2.555376e-006
6.950701e-007 5.028091e-007 2.552311e-006
6.953135e-007 5.031104e-007 2.549245e-006
6.954983e-007 5.033451e-007 2.546175e-006
6.956359e-007 5.035259e-007 2.543104e-006
6.957353e-007 5.036632e-007 2.540029e-006
6.958037e-007 5.037652e-007 2.536951e-006
6.958468e-007 5.038383e-007 2.533871e-006
6.958690e-007 5.038876e-007 2.530788e-006
6.958740e-007 5.039172e-007 2.527702e-006
6.958645e-007 5.039304e-007 2.524613e-006
6.958429e-007 5.039300e-007 2.521522e-006
6.958109e-007 5.039176e-007 2.518427e-006
6.957701e-007 5.038951e-007 2.515330e-006
6.957216e-007 5.038637e-007 2.512230e-006
6.956662e-007 5.038246e-007 2.509127e-006
6.956047e-007 5.037786e-007 2.506021e-006
6.955377e-007 5.037262e-007 2.502913e-006
6.954657e-007 5.036681e-007 2.499802e-006
6.953890e-007 5.036046e-007 2.496688e-006
6.953080e-007 5.035362e-007 2.493572e-006
6.952227e-007 5.034630e-007 2.490453e-006
6.951336e-007 5.033853e-007 2.487331e-006
6.950406e-007 5.033033e-007 2.484207e-006
6.949440e-007 5.032170e-007 2.481080e-006
6.948437e-007 5.031267e-007 2.477950e-006
6.947400e-007 5.030324e-007 2.474818e-006
6.946328e-007 5.029341e-007 2.471683e-006
6.945222e-007 5.028319e-007 2.468546e-006
6.944082e-007 5.027259e-007 2.465407e-006
6.942700e-007 5.025924e-007 2.462284e-006
6.940614e-007 5.023787e-007 2.459223e-006
6.938209e-007 5.021284e-007 2.456194e-006
6.935730e-007 5.018699e-007 2.453178e-006
6.933300e-007 5.016168e-007 2.450167e-006
6.930968e-007 5.013751e-007 2.447157e-006
6.928748e-007 5.011460e-007 2.444147e-006
6.926636e-007 5.009291e-007 2.441134e-006
6.924617e-007 5.007229e-007 2.438119e-006
6.922674e-007 5.005252e-007 2.435101e-006
6.920790e-007 5.003344e-007 2.432081e-006
6.918950e-007 5.001485e-007 2.429059e-006
6.917141e-007 4.999661e-007 2.426034e-006
6.915351e-007 4.997858e-007 2.423006e-006
6.913570e-007 4.996066e-007 2.419976e-006
6.911790e-007 4.994275e-007 2.416943e-006
6.910005e-007 4.992479e-007 2.413908e-006
6.908210e-007 4.990670e-007 2.410871e-006
6.906400e-007 4.988844e-007 2.407831e-006
6.904572e-007 4.986998e-007 2.404789e-006
6.902723e-007 4.985128e-007 2.401744e-006
6.900851e-007 4.983232e-007 2.398697e-006
6.898955e-007 4.981307e-007 2.395648e-006
6.897032e-007 4.979353e-007 2.392597e-006
6.895082e-007 4.977367e-007 2.389543e-006
6.893104e-007 4.975349e-007 2.386487e-006
6.891097e-007 4.973299e-007 2.383429e-006
6.889061e-007 4.971213e-007 2.380368e-006
6.886995e-007 4.969094e-007 2.377306e-006
6.884906e-007 4.966953e-007 2.374239e-006
6.882811e-007 4.964801e-007 2.371165e-006
6.880695e-007 4.962625e-007 2.368086e-006
6.878548e-007 4.960415e-007 2.365004e-006
6.876367e-007 4.958165e-007 2.361919e-006
6.874127e-007 4.955849e-007 2.358833e-006
6.871740e-007 4.953364e-007 2.355755e-006
6.869262e-007 4.950776e-007 2.352679e-006
6.866738e-007 4.948136e-007 2.349604e-006
6.864191e-007 4.945469e-007 2.346527e-006
6.861630e-007 4.942785e-007 2.343450e-006
6.859058e-007 4.940090e-007 2.340370e-006
6.856476e-007 4.937383e-007 2.337289e-006
6.853882e-007 4.934661e-007 2.334206e-006
6.851272e-007 4.931923e-007 2.331121e-006
6.848700e-007 4.929226e-007 2.328022e-006
6.846210e-007 4.926623e-007 2.324897e-006
6.843735e-007 4.924037e-007 2.321759e-006
6.841238e-007 4.921426e-007 2.318614e-006
6.838700e-007 4.918768e-007 2.315464e-006
6.836114e-007 4.916055e-007 2.312312e-006
6.833476e-007 4.913284e-007 2.309158e-006
6.830788e-007 4.910454e-007 2.306001e-006
-3.320377e-003 -3.636131e-003 6.595435e-005
-5.619858e-003 -6.155408e-003 4.313476e-005
-6.920222e-003 -7.282942e-003 3.485083e-005
-7.753908e-003 -7.798939e-003 3.122141e-005
-8.376672e-003 -8.025873e-003 2.869619e-005
-8.903249e-003 -8.107133e-003 2.613526e-005
-9.384905e-003 -8.105793e-003 2.323403e-005
-9.843971e-003 -8.049498e-003 1.995161e-005
-1.028954e-002 -7.950428e-003 1.631912e-005
-1.072464e-002 -7.814196e-003 1.243860e-005
-1.114967e-002 -7.643359e-003 8.274724e-006
-1.156371e-002 -7.439805e-003 3.853300e-006
-1.196547e-002 -7.204822e-003 -7.731112e-007
-1.235354e-002 -6.939710e-003 -5.561371e-006
-1.272653e-002 -6.645833e-003 -1.047209e-005
-1.308318e-002 -6.324643e-003 -1.546802e-005
-1.342239e-002 -5.977677e-003 -2.051309e-005
-1.374322e-002 -5.606533e-003 -2.557230e-005
-1.404490e-002 -5.212841e-003 -3.061186e-005
-1.432685e-002 -4.798242e-003 -3.559947e-005
-1.458860e-002 -4.364353e-003 -4.050459e-005
-1.482986e-002 -3.912756e-003 -4.529855e-005
-1.505046e-002 -3.444970e-003 -4.995480e-005
-1.525032e-002 -2.962441e-003 -5.444910e-005
-1.542950e-002 -2.466528e-003 -5.875984e-005
-1.558811e-002 -1.958490e-003 -6.286756e-005
-1.572634e-002 -1.439484e-003 -6.675506e-005
-1.584445e-002 -9.105549e-004 -7.040755e-005
-1.594271e-002 -3.726343e-004 -7.381258e-005
-1.602146e-002 1.734623e-004 -7.696001e-005
-1.608103e-002 7.270365e-004 -7.984177e-005
-1.612177e-002 1.287508e-003 -8.245184e-005
-1.614402e-002 1.854415e-003 -8.478613e-005
-1.614811e-002 2.427413e-003 -8.684235e-005
-1.613436e-002 3.006275e-003 -8.861981e-005
-1.610305e-002 3.590891e-003 -9.011937e-005
-1.605440e-002 4.181271e-003 -9.134303e-005
-1.598861e-002 4.777541e-003 -9.229458e-005
-1.590579e-002 5.379947e-003 -9.297939e-005
-1.580600e-002 5.988854e-003 -9.340323e-005
-1.568919e-002 6.604750e-003 -9.357233e-005
-1.555523e-002 7.228247e-003 -9.349411e-005
-1.540385e-002 7.860080e-003 -9.317781e-005
-1.523465e-002 8.501112e-003 -9.263243e-005
-1.504708e-002 9.152332e-003 -9.186820e-005
-1.484039e-002 9.814854e-003 -9.089540e-005
-1.455253e-002 1.044477e-002 -8.852600e-005
-1.421180e-002 1.105128e-002 -8.533009e-005
-1.384605e-002 1.165180e-002 -8.205163e-005
-1.345514e-002 1.224570e-002 -7.838740e-005
-1.303816e-002 1.283153e-002 -7.447021e-005
-1.259449e-002 1.340785e-002 -7.038844e-005
-1.212360e-002 1.397310e-002 -6.620446e-005
-1.162503e-002 1.452553e-002 -6.196863e-005
-1.109843e-002 1.506323e-002 -5.772488e-005
-1.054359e-002 1.558414e-002 -5.351569e-005
-9.960489e-003 1.608603e-002 -4.937929e-005
-9.349313e-003 1.656659e-002 -4.534755e-005
-8.710424e-003 1.702344e-002 -4.143545e-005
-8.044411e-003 1.745380e-002 -3.770287e-005
-7.352212e-003 1.785513e-002 -3.417233e-005
-6.635027e-003 1.822478e-002 -3.086690e-005
-5.894453e-003 1.856017e-002 -2.795770e-005
-5.132313e-003 1.885878e-002 -2.519331e-005
-4.350782e-003 1.911824e-002 -2.262514e-005
-3.552327e-003 1.933637e-002 -2.029225e-005
-2.739748e-003 1.951127e-002 -1.820415e-005
-1.916070e-003 1.964139e-002 -1.636246e-005
-1.084923e-003 1.972432e-002 -1.476353e-005
-2.485485e-004 1.975916e-002 -1.420412e-005
5.880900e-004 1.974926e-002 -1.472809e-005
1.422340e-003 1.969249e-002 -1.576646e-005
2.209504e-003 1.925842e-002 -1.682871e-005
2.781822e-003 1.786698e-002 -1.633591e-005
3.109459e-003 1.604965e-002 -1.479764e-005
3.225575e-003 1.413159e-002 -1.276041e-005
3.182108e-003 1.228208e-002 -1.058299e-005
3.030013e-003 1.058213e-002 -8.469389e-006
2.811626e-003 9.063387e-003 -6.520859e-006
2.559033e-003 7.730656e-003 -4.776752e-006
2.295005e-003 6.574876e-003 -3.243149e-006
2.034777e-003 5.580514e-003 -1.909398e-006
1.787884e-003 4.729710e-003 -7.575645e-007
1.559751e-003 4.004520e-003 2.324748e-007
1.352949e-003 3.388061e-003 1.080594e-006
1.168146e-003 2.865027e-003 1.805352e-006
1.004804e-003 2.421861e-003 2.423477e-006
8.616555e-004 2.046730e-003 2.949766e-006
7.370479e-004 1.729406e-003 3.397178e-006
6.291621e-004 1.461115e-003 3.776921e-006
5.361587e-004 1.234359e-003 4.098887e-006
4.562668e-004 1.042756e-003 4.371511e-006
3.878352e-004 8.808849e-004 4.602067e-006
3.293585e-004 7.441500e-004 4.796815e-006
2.794856e-004 6.286581e-004 4.961130e-006
2.370194e-004 5.311150e-004 5.099617e-006
2.009081e-004 4.487349e-004 5.216214e-006
1.702351e-004 3.791628e-004 5.314279e-006
1.442055e-004 3.204087e-004 5.396674e-006
1.221335e-004 2.707911e-004 5.465833e-006
1.034296e-004 2.288897e-004 5.523826e-006
8.758838e-005 1.935046e-004 5.572398e-006
7.417784e-005 1.636225e-004 5.613032e-006
6.282934e-005 1.383877e-004 5.646984e-006
5.322891e-005 1.170774e-004 5.675313e-006
4.510946e-005 9.908115e-005 5.698915e-006
3.824408e-005 8.388361e-005 5.718544e-006
3.244017e-005 7.104947e-005 5.734835e-006
2.753439e-005 6.021113e-005 5.748322e-006
2.338829e-005 5.105818e-005 5.759447e-006
1.988463e-005 4.332849e-005 5.768551e-006
1.692411e-005 3.680070e-005 5.775970e-006
1.442273e-005 3.128786e-005 5.781985e-006
1.230939e-005 2.663211e-005 5.786826e-006
1.052397e-005 2.270013e-005 5.790685e-006
9.015645e-006 1.937935e-005 5.793720e-006
7.741432e-006 1.657472e-005 5.796064e-006
6.665008e-006 1.420594e-005 5.797828e-006
5.755670e-006 1.220523e-005 5.799105e-006
4.987478e-006 1.051534e-005 5.799972e-006
4.338510e-006 9.087920e-006 5.800495e-006
3.790247e-006 7.882155e-006 5.800728e-006
3.327042e-006 6.863564e-006 5.800717e-006
2.935678e-006 6.003036e-006 5.800499e-006
2.604990e-006 5.275984e-006 5.800107e-006
2.325547e-006 4.661648e-006 5.799567e-006
2.089384e-006 4.142495e-006 5.798901e-006
1.889772e-006 3.703720e-006 5.798128e-006
1.721028e-006 3.332821e-006 5.797264e-006
1.578353e-006 3.019238e-006 5.796320e-006
1.457693e-006 2.754057e-006 5.795310e-006
1.355625e-006 2.529749e-006 5.794240e-006
1.269257e-006 2.339953e-006 5.793119e-006
1.196148e-006 2.179303e-006 5.791954e-006
1.134236e-006 2.043263e-006 5.790749e-006
1.081778e-006 1.928004e-006 5.789509e-006
1.037305e-006 1.830294e-006 5.788237e-006
9.995737e-007 1.747400e-006 5.786937e-006
9.675354e-007 1.677019e-006 5.785611e-006
9.403042e-007 1.617202e-006 5.784262e-006
9.171322e-007 1.566305e-006 5.782890e-006
8.973874e-007 1.522939e-006 5.781498e-006
8.805364e-007 1.485932e-006 5.780087e-006
8.661287e-007 1.454294e-006 5.778657e-006
8.537835e-007 1.427188e-006 5.777210e-006
8.431797e-007 1.403909e-006 5.775747e-006
8.340459e-007 1.383859e-006 5.774267e-006
8.261529e-007 1.366536e-006 5.772772e-006
8.193072e-007 1.351514e-006 5.771262e-006
8.133454e-007 1.338434e-006 5.769737e-006
8.081294e-007 1.326992e-006 5.768197e-006
8.035428e-007 1.316933e-006 5.766643e-006
7.994870e-007 1.308040e-006 5.765075e-006
7.958790e-007 1.300132e-006 5.763493e-006
7.926495e-007 1.293054e-006 5.761892e-006
7.897400e-007 1.286680e-006 5.760268e-006
7.870993e-007 1.280896e-006 5.758626e-006
7.846845e-007 1.275609e-006 5.756969e-006
7.824598e-007 1.270739e-006 5.755297e-006
7.803949e-007 1.266221e-006 5.753612e-006
7.784643e-007 1.261997e-006 5.751913e-006
7.766464e-007 1.258021e-006 5.750201e-006
7.749233e-007 1.254254e-006 5.748475e-006
7.732795e-007 1.250660e-006 5.746736e-006
7.717023e-007 1.247213e-006 5.744984e-006
7.701806e-007 1.243888e-006 5.743219e-006
7.687053e-007 1.240665e-006 5.741441e-006
7.672687e-007 1.237527e-006 5.739650e-006
7.658641e-007 1.234460e-006 5.737846e-006
7.644860e-007 1.231451e-006 5.736028e-006
7.631298e-007 1.228490e-006 5.734198e-006
7.617915e-007 1.225569e-006 5.732355e-006
7.604678e-007 1.222679e-006 5.730498e-006
7.591559e-007 1.219816e-006 5.728629e-006
7.578533e-007 1.216973e-006 5.726746e-006
7.565582e-007 1.214147e-006 5.724850e-006
7.552688e-007 1.211333e-006 5.722942e-006
7.539836e-007 1.208529e-006 5.721020e-006
7.527015e-007 1.205732e-006 5.719086e-006
7.514215e-007 1.202939e-006 5.717139e-006
7.501427e-007 1.200149e-006 5.715178e-006
7.488643e-007 1.197361e-006 5.713205e-006
7.475859e-007 1.194572e-006 5.711219e-006
7.463067e-007 1.191782e-006 5.709219e-006
7.450265e-007 1.188989e-006 5.707207e-006
7.437449e-007 1.186194e-006 5.705182e-006
7.424615e-007 1.183395e-006 5.703144e-006
7.411761e-007 1.180591e-006 5.701093e-006
7.398885e-007 1.177783e-006 5.699029e-006
7.385984e-007 1.174970e-006 5.696953e-006
7.373058e-007 1.172151e-006 5.694863e-006
7.360106e-007 1.169326e-006 5.692761e-006
7.347126e-007 1.166495e-006 5.690645e-006
7.334116e-007 1.163658e-006 5.688517e-006
7.321076e-007 1.160815e-006 5.686376e-006
7.308007e-007 1.157965e-006 5.684222e-006
7.294907e-007 1.155109e-006 5.682056e-006
7.281776e-007 1.152246e-006 5.679876e-006
7.268614e-007 1.149376e-006 5.677684e-006
7.255420e-007 1.146499e-006 5.675479e-006
7.242194e-007 1.143616e-006 5.673261e-006
7.228936e-007 1.140725e-006 5.671030e-006
7.215645e-007 1.137828e-006 5.668786e-006
7.202322e-007 1.134924e-006 5.666530e-006
7.188967e-007 1.132012e-006 5.664261e-006
7.175580e-007 1.129094e-006 5.661979e-006
7.162160e-007 1.126168e-006 5.659685e-006
7.148707e-007 1.123236e-006 5.657377e-006
7.135222e-007 1.120297e-006 5.655057e-006
7.121704e-007 1.117350e-006 5.652725e-006
7.108154e-007 1.114397e-006 5.650379e-006
7.094572e-007 1.111436e-006 5.648021e-006
7.080957e-007 1.108469e-006 5.645650e-006
7.067310e-007 1.105495e-006 5.643267e-006
7.053630e-007 1.102513e-006 5.640871e-006
7.039919e-007 1.099525e-006 5.638462e-006
7.026176e-007 1.096530e-006 5.636041e-006
7.012399e-007 1.093528e-006 5.633607e-006
6.998591e-007 1.090519e-006 5.631160e-006
6.984751e-007 1.087503e-006 5.628701e-006
6.970879e-007 1.084480e-006 5.626229e-006
6.956976e-007 1.081451e-006 5.623745e-006
6.943041e-007 1.078414e-006 5.621248e-006
6.929074e-007 1.075371e-006 5.618738e-006
6.915076e-007 1.072321e-006 5.616216e-006
6.901046e-007 1.069264e-006 5.613682e-006
6.886985e-007 1.066201e-006 5.611135e-006
6.872892e-007 1.063131e-006 5.608575e-006
6.858769e-007 1.060054e-006 5.606003e-006
6.844614e-007 1.056970e-006 5.603418e-006
6.830428e-007 1.053880e-006 5.600821e-006
6.816212e-007 1.050783e-006 5.598212e-006
6.801965e-007 1.047679e-006 5.595590e-006
6.787686e-007 1.044569e-006 5.592955e-006
6.773378e-007 1.041452e-006 5.590308e-006
6.759038e-007 1.038329e-006 5.587649e-006
6.744669e-007 1.035199e-006 5.584978e-006
6.730269e-007 1.032062e-006 5.582294e-006
6.715839e-007 1.028919e-006 5.579597e-006
6.701379e-007 1.025770e-006 5.576888e-006
-4.071628e-003 -5.131448e-003 1.327439e-003
-8.458314e-003 -1.193955e-002 1.770033e-003
-1.069704e-002 -1.541535e-002 4.798432e-004
-1.087929e-002 -1.525261e-002 3.338204e-005
-1.093855e-002 -1.519583e-002 2.045663e-006
-1.096989e-002 -1.516549e-002 -2.930687e-006
-1.099424e-002 -1.514182e-002 -6.273139e-006
-1.101624e-002 -1.512031e-002 -9.513465e-006
-1.103700e-002 -1.509998e-002 -1.273951e-005
-1.105678e-002 -1.508054e-002 -1.595397e-005
-1.107571e-002 -1.506194e-002 -1.915555e-005
-1.109382e-002 -1.504408e-002 -2.234330e-005
-1.111117e-002 -1.502697e-002 -2.551639e-005
-1.112778e-002 -1.501055e-002 -2.867381e-005
-1.114372e-002 -1.499486e-002 -3.181325e-005
-1.115906e-002 -1.497987e-002 -3.492930e-005
-1.117366e-002 -1.496539e-002 -3.803354e-005
-1.118766e-002 -1.495152e-002 -4.111905e-005
-1.120106e-002 -1.493822e-002 -4.418522e-005
-1.121390e-002 -1.492550e-002 -4.723051e-005
-1.122619e-002 -1.491332e-002 -5.025461e-005
-1.123796e-002 -1.490167e-002 -5.325619e-005
-1.124921e-002 -1.489053e-002 -5.623533e-005
-1.125998e-002 -1.487990e-002 -5.918992e-005
-1.127026e-002 -1.486975e-002 -6.212035e-005
-1.128009e-002 -1.486008e-002 -6.502548e-005
-1.128946e-002 -1.485088e-002 -6.790406e-005
-1.129839e-002 -1.484213e-002 -7.075538e-005
-1.130707e-002 -1.483406e-002 -7.355061e-005
-1.131517e-002 -1.482618e-002 -7.633800e-005
-9.545576e-003 -1.631738e-002 -2.350357e-003
-7.551042e-003 -1.740647e-002 -4.783863e-003
-5.752586e-003 -1.788452e-002 -7.333449e-003
-4.155982e-003 -1.787709e-002 -9.881231e-003
-2.748924e-003 -1.751322e-002 -1.227636e-002
-1.551538e-003 -1.692987e-002 -1.435559e-002
-1.306399e-003 -1.665932e-002 -1.504811e-002
-1.770448e-003 -1.668113e-002 -1.486889e-002
-2.220206e-003 -1.670275e-002 -1.465325e-002
-2.630019e-003 -1.674716e-002 -1.436140e-002
-2.995131e-003 -1.681441e-002 -1.400096e-002
-3.316061e-003 -1.689913e-002 -1.358865e-002
-3.595638e-003 -1.699612e-002 -1.313883e-002
-3.837038e-003 -1.710109e-002 -1.266427e-002
-4.043594e-003 -1.721059e-002 -1.217494e-002
-4.218651e-003 -1.732196e-002 -1.167863e-002
-4.365448e-003 -1.743315e-002 -1.118141e-002
-4.487065e-003 -1.754266e-002 -1.068793e-002
-4.586383e-003 -1.764937e-002 -1.020171e-002
-4.666068e-003 -1.775251e-002 -9.725381e-003
-4.728561e-003 -1.785151e-002 -9.260817e-003
-4.776079e-003 -1.794605e-002 -8.809318e-003
-4.810622e-003 -1.803592e-002 -8.371716e-003
-4.833984e-003 -1.812105e-002 -7.948474e-003
-4.847767e-003 -1.820144e-002 -7.539767e-003
-4.853394e-003 -1.827716e-002 -7.145546e-003
-4.852180e-003 -1.834852e-002 -6.765649e-003
-4.845136e-003 -1.841529e-002 -6.399612e-003
-4.833292e-003 -1.847783e-002 -6.047032e-003
-4.817483e-003 -1.853633e-002 -5.707387e-003
-4.798479e-003 -1.859096e-002 -5.380124e-003
-4.776958e-003 -1.864193e-002 -5.064661e-003
-4.753503e-003 -1.868940e-002 -4.760390e-003
-4.728623e-003 -1.873356e-002 -4.466695e-003
-4.702763e-003 -1.877458e-002 -4.182957e-003
-4.676309e-003 -1.881264e-002 -3.908567e-003
-4.649599e-003 -1.884789e-002 -3.642921e-003
-4.622924e-003 -1.888048e-002 -3.385432e-003
-4.596540e-003 -1.891054e-002 -3.135525e-003
-4.570669e-003 -1.893821e-002 -2.892642e-003
-4.545502e-003 -1.896361e-002 -2.656243e-003
-4.521206e-003 -1.898684e-002 -2.425801e-003
-4.497923e-003 -1.900801e-002 -2.200808e-003
-4.475779e-003 -1.902720e-002 -1.980771e-003
-4.454879e-003 -1.904451e-002 -1.765211e-003
-4.435316e-003 -1.905999e-002 -1.553663e-003
-4.417167e-003 -1.907372e-002 -1.345675e-003
-4.400499e-003 -1.908576e-002 -1.140805e-003
-4.385368e-003 -1.909615e-002 -9.386219e-004
-4.371822e-003 -1.910494e-002 -7.387039e-004
-4.359899e-003 -1.911215e-002 -5.406354e-004
-4.349631e-003 -1.911783e-002 -3.440064e-004
-4.340719e-003 -1.912159e-002 -2.235688e-004
-4.332980e-003 -1.912424e-002 -2.112366e-004
-4.325779e-003 -1.912669e-002 -2.104758e-004
-4.318538e-003 -1.912913e-002 -2.106980e-004
-4.311058e-003 -1.913161e-002 -2.109393e-004
-4.303271e-003 -1.913416e-002 -2.111121e-004
-4.295154e-003 -1.913678e-002 -2.112086e-004
-4.286691e-003 -1.913948e-002 -2.112278e-004
-4.277871e-003 -1.914225e-002 -2.111695e-004
-4.268682e-003 -1.914510e-002 -2.110336e-004
-4.259110e-003 -1.914804e-002 -2.108201e-004
-4.249144e-003 -1.915106e-002 -2.105289e-004
-4.238767e-003 -1.915417e-002 -2.101598e-004
-4.227966e-003 -1.915737e-002 -2.097124e-004
-4.216722e-003 -1.916066e-002 -2.091870e-004
-4.205019e-003 -1.916406e-002 -2.085840e-004
-4.192835e-003 -1.916756e-002 -2.079034e-004
-4.180150e-003 -1.917118e-002 -2.071453e-004
-4.166941e-003 -1.917490e-002 -2.063097e-004
-4.153182e-003 -1.917875e-002 -2.053969e-004
-4.138844e-003 -1.918273e-002 -2.044073e-004
-4.123898e-003 -1.918684e-002 -2.033411e-004
-4.108311e-003 -1.919110e-002 -2.021986e-004
-4.092044e-003 -1.919550e-002 -2.009801e-004
-4.075058e-003 -1.920007e-002 -1.996857e-004
-4.057307e-003 -1.920481e-002 -1.983160e-004
-4.038740e-003 -1.920973e-002 -1.968717e-004
-4.019301e-003 -1.921484e-002 -1.953535e-004
-3.998927e-003 -1.922017e-002 -1.937621e-004
-3.977545e-003 -1.922572e-002 -1.920981e-004
-3.955075e-003 -1.923152e-002 -1.903624e-004
-3.931423e-003 -1.923758e-002 -1.885559e-004
-3.906484e-003 -1.924393e-002 -1.866796e-004
-3.880134e-003 -1.925059e-002 -1.847344e-004
-3.852231e-003 -1.925760e-002 -1.827218e-004
-3.822607e-003 -1.926499e-002 -1.806428e-004
-3.791064e-003 -1.927280e-002 -1.784986e-004
-3.757364e-003 -1.928108e-002 -1.762913e-004
-3.721220e-003 -1.928989e-002 -1.740231e-004
-3.682282e-003 -1.929930e-002 -1.716961e-004
-3.640111e-003 -1.930940e-002 -1.693133e-004
-3.594153e-003 -1.932030e-002 -1.668784e-004
-3.543692e-003 -1.933213e-002 -1.643949e-004
-3.470864e-003 -1.933935e-002 -1.748882e-004
-3.375451e-003 -1.936108e-002 -2.001849e-004
-3.267111e-003 -1.938503e-002 -2.358331e-004
-3.148444e-003 -1.942091e-002 -2.799285e-004
-2.965835e-003 -1.900884e-002 -3.446744e-004
-2.588940e-003 -1.703713e-002 -3.603299e-004
-2.135856e-003 -1.439214e-002 -3.376471e-004
-1.688096e-003 -1.167517e-002 -2.961702e-004
-1.285719e-003 -9.179452e-003 -2.482075e-004
-9.443916e-004 -7.023932e-003 -2.011535e-004
-6.659427e-004 -5.233193e-003 -1.580864e-004
-4.456287e-004 -3.784862e-003 -1.218363e-004
-2.752661e-004 -2.635901e-003 -9.196327e-005
-1.460634e-004 -1.737678e-003 -6.791432e-005
-4.971666e-005 -1.043434e-003 -4.888051e-005
2.103279e-005 -5.117456e-004 -3.400808e-005
7.220607e-005 -1.077742e-004 -2.251130e-005
1.087122e-004 1.973646e-004 -1.368957e-005
1.343941e-004 4.267572e-004 -6.978782e-006
1.522114e-004 5.985207e-004 -1.843862e-006
1.643687e-004 7.266861e-004 2.032748e-006
1.725137e-004 8.220378e-004 4.953066e-006
1.778523e-004 8.927956e-004 7.149141e-006
1.812560e-004 9.451855e-004 8.798585e-006
1.833469e-004 9.838993e-004 1.003674e-005
1.845635e-004 1.012457e-003 1.096633e-005
1.852108e-004 1.033491e-003 1.166498e-005
1.854983e-004 1.048960e-003 1.219119e-005
1.855671e-004 1.060324e-003 1.258891e-005
1.855108e-004 1.068661e-003 1.289104e-005
1.853900e-004 1.074772e-003 1.312217e-005
1.852427e-004 1.079247e-003 1.330066e-005
1.850919e-004 1.082520e-003 1.344015e-005
1.849503e-004 1.084912e-003 1.355079e-005
1.848246e-004 1.086659e-003 1.364011e-005
1.847173e-004 1.087933e-003 1.371368e-005
1.846285e-004 1.088862e-003 1.377564e-005
1.845570e-004 1.089539e-003 1.382903e-005
1.845010e-004 1.090031e-003 1.387611e-005
1.844583e-004 1.090388e-003 1.391855e-005
1.844271e-004 1.090648e-003 1.395757e-005
1.844052e-004 1.090836e-003 1.399407e-005
1.843911e-004 1.090972e-003 1.402872e-005
1.843833e-004 1.091070e-003 1.406200e-005
1.843805e-004 1.091141e-003 1.409429e-005
1.843818e-004 1.091191e-003 1.412583e-005
1.843862e-004 1.091227e-003 1.415683e-005
1.843932e-004 1.091252e-003 1.418743e-005
1.844022e-004 1.091270e-003 1.421773e-005
1.844127e-004 1.091282e-003 1.424781e-005
1.844244e-004 1.091290e-003 1.427772e-005
1.844370e-004 1.091295e-003 1.430751e-005
1.844504e-004 1.091298e-003 1.433721e-005
1.844644e-004 1.091299e-003 1.436683e-005
1.844787e-004 1.091300e-003 1.439640e-005
1.844935e-004 1.091299e-003 1.442592e-005
1.845085e-004 1.091298e-003 1.445540e-005
1.845237e-004 1.091296e-003 1.448486e-005
1.845391e-004 1.091294e-003 1.451429e-005
1.845547e-004 1.091292e-003 1.454369e-005
1.845703e-004 1.091290e-003 1.457308e-005
1.845861e-004 1.091288e-003 1.460245e-005
1.846019e-004 1.091285e-003 1.463180e-005
1.846177e-004 1.091283e-003 1.466114e-005
1.846337e-004 1.091280e-003 1.469046e-005
1.846497e-004 1.091277e-003 1.471977e-005
1.846657e-004 1.091275e-003 1.474906e-005
1.846818e-004 1.091272e-003 1.477834e-005
1.846979e-004 1.091269e-003 1.480760e-005
1.847141e-004 1.091267e-003 1.483685e-005
1.847303e-004 1.091264e-003 1.486609e-005
1.847465e-004 1.091261e-003 1.489531e-005
1.847628e-004 1.091259e-003 1.492452e-005
1.847791e-004 1.091256e-003 1.495372e-005
1.847954e-004 1.091253e-003 1.498290e-005
1.848117e-004 1.091250e-003 1.501206e-005
1.848281e-004 1.091247e-003 1.504122e-005
1.848446e-004 1.091245e-003 1.507036e-005
1.848610e-004 1.091242e-003 1.509948e-005
1.848775e-004 1.091239e-003 1.512858e-005
1.848940e-004 1.091236e-003 1.515768e-005
1.849106e-004 1.091234e-003 1.518676e-005
1.849272e-004 1.091231e-003 1.521583e-005
1.849438e-004 1.091228e-003 1.524488e-005
1.849605e-004 1.091225e-003 1.527392e-005
1.849771e-004 1.091222e-003 1.530294e-005
1.849938e-004 1.091220e-003 1.533195e-005
1.850106e-004 1.091217e-003 1.536095e-005
1.850274e-004 1.091214e-003 1.538993e-005
1.850442e-004 1.091211e-003 1.541890e-005
1.850610e-004 1.091208e-003 1.544785e-005
1.850779e-004 1.091205e-003 1.547679e-005
1.850948e-004 1.091202e-003 1.550572e-005
1.851117e-004 1.091200e-003 1.553462e-005
1.851287e-004 1.091197e-003 1.556352e-005
1.851457e-004 1.091194e-003 1.559240e-005
1.851627e-004 1.091191e-003 1.562126e-005
1.851798e-004 1.091188e-003 1.565011e-005
1.851969e-004 1.091185e-003 1.567895e-005
1.852140e-004 1.091182e-003 1.570777e-005
1.852312e-004 1.091179e-003 1.573657e-005
1.852483e-004 1.091177e-003 1.576536e-005
1.852656e-004 1.091174e-003 1.579414e-005
1.852828e-004 1.091171e-003 1.582290e-005
1.853001e-004 1.091168e-003 1.585164e-005
1.853174e-004 1.091165e-003 1.588037e-005
1.853347e-004 1.091162e-003 1.590908e-005
1.853521e-004 1.091159e-003 1.593778e-005
1.853695e-004 1.091156e-003 1.596647e-005
1.853870e-004 1.091153e-003 1.599513e-005
1.854044e-004 1.091150e-003 1.602379e-005
1.854219e-004 1.091147e-003 1.605242e-005
1.854395e-004 1.091144e-003 1.608104e-005
1.854570e-004 1.091141e-003 1.610965e-005
1.854746e-004 1.091138e-003 1.613824e-005
2.019770e-004 9.402017e-003 2.634643e-003
-4.193701e-004 1.891311e-002 3.989373e-003
-7.877283e-004 1.972984e-002 6.145582e-004
-8.743067e-004 1.972635e-002 2.134912e-004
-8.961218e-004 1.972454e-002 1.773622e-004
-9.010998e-004 1.972374e-002 1.765371e-004
-9.015466e-004 1.972322e-002 1.790541e-004
-9.007526e-004 1.972278e-002 1.818201e-004
-8.996105e-004 1.972236e-002 1.845365e-004
-8.983636e-004 1.972195e-002 1.871736e-004
-8.970774e-004 1.972156e-002 1.897276e-004
-8.957692e-004 1.972117e-002 1.921973e-004
-8.944427e-004 1.972079e-002 1.945816e-004
-8.930983e-004 1.972042e-002 1.968797e-004
-8.917350e-004 1.972005e-002 1.990907e-004
-8.903520e-004 1.971970e-002 2.012136e-004
-8.889478e-004 1.971937e-002 2.032472e-004
-8.875213e-004 1.971904e-002 2.051910e-004
-8.860715e-004 1.971872e-002 2.070442e-004
-8.845973e-004 1.971842e-002 2.088064e-004
-8.830976e-004 1.971813e-002 2.104768e-004
-8.815712e-004 1.971785e-002 2.120550e-004
-8.800171e-004 1.971759e-002 2.135404e-004
-8.784340e-004 1.971735e-002 2.149320e-004
-8.768209e-004 1.971712e-002 2.162295e-004
-8.751764e-004 1.971690e-002 2.174323e-004
-8.734996e-004 1.971671e-002 2.185399e-004
-8.717891e-004 1.971653e-002 2.195519e-004
-8.700439e-004 1.971636e-002 2.204679e-004
-8.682627e-004 1.971622e-002 2.212875e-004
-8.664443e-004 1.971609e-002 2.220106e-004
-8.645876e-004 1.971598e-002 2.226369e-004
-8.626913e-004 1.971589e-002 2.231661e-004
-8.607542e-004 1.971582e-002 2.235981e-004
-8.587750e-004 1.971577e-002 2.239328e-004
-8.567525e-004 1.971574e-002 2.241703e-004
-8.546854e-004 1.971572e-002 2.243104e-004
-8.525724e-004 1.971573e-002 2.243531e-004
-8.504120e-004 1.971576e-002 2.242983e-004
-8.482030e-004 1.971581e-002 2.241463e-004
-8.459439e-004 1.971588e-002 2.238970e-004
-8.436333e-004 1.971597e-002 2.235507e-004
-8.412698e-004 1.971608e-002 2.231077e-004
-8.388520e-004 1.971622e-002 2.225683e-004
-8.363782e-004 1.971637e-002 2.219325e-004
-8.338469e-004 1.971654e-002 2.212010e-004
-8.312566e-004 1.971674e-002 2.203739e-004
-8.286058e-004 1.971695e-002 2.194521e-004
-8.258929e-004 1.971719e-002 2.184360e-004
-8.231159e-004 1.971745e-002 2.173259e-004
-8.202732e-004 1.971773e-002 2.161223e-004
-8.173628e-004 1.971803e-002 2.148258e-004
-8.143828e-004 1.971835e-002 2.134370e-004
-8.113312e-004 1.971869e-002 2.119566e-004
-8.082060e-004 1.971905e-002 2.103854e-004
-8.050050e-004 1.971943e-002 2.087239e-004
-8.017258e-004 1.971983e-002 2.069729e-004
-7.983665e-004 1.972024e-002 2.051336e-004
-7.949250e-004 1.972068e-002 2.032070e-004
-7.913990e-004 1.972114e-002 2.011939e-004
-7.877859e-004 1.972161e-002 1.990955e-004
-7.840834e-004 1.972211e-002 1.969128e-004
-7.802882e-004 1.972262e-002 1.946464e-004
-7.763975e-004 1.972314e-002 1.922977e-004
-7.724085e-004 1.972369e-002 1.898677e-004
-7.683183e-004 1.972425e-002 1.873578e-004
-7.641235e-004 1.972482e-002 1.847690e-004
-7.598202e-004 1.972542e-002 1.821024e-004
-7.554038e-004 1.972602e-002 1.793589e-004
-7.508714e-004 1.972665e-002 1.765404e-004
-7.462193e-004 1.972728e-002 1.736484e-004
-7.414435e-004 1.972793e-002 1.706841e-004
-7.365389e-004 1.972859e-002 1.676489e-004
-7.315023e-004 1.972927e-002 1.645443e-004
-7.263271e-004 1.972996e-002 1.613715e-004
-7.210071e-004 1.973066e-002 1.581321e-004
-7.155371e-004 1.973137e-002 1.548279e-004
-7.099110e-004 1.973209e-002 1.514604e-004
-7.041213e-004 1.973282e-002 1.480311e-004
-6.981603e-004 1.973356e-002 1.445417e-004
-6.920208e-004 1.973430e-002 1.409941e-004
-6.856952e-004 1.973506e-002 1.373900e-004
-6.791734e-004 1.973587e-002 1.337314e-004
-6.724441e-004 1.973677e-002 1.300190e-004
-6.654985e-004 1.973755e-002 1.262557e-004
-6.583249e-004 1.973834e-002 1.224434e-004
-6.509102e-004 1.973914e-002 1.185840e-004
-6.432402e-004 1.973994e-002 1.146802e-004
-6.352992e-004 1.974074e-002 1.107343e-004
-6.270708e-004 1.974156e-002 1.067486e-004
-6.185377e-004 1.974237e-002 1.027248e-004
-6.096777e-004 1.974319e-002 9.866500e-005
-6.004676e-004 1.974401e-002 9.457118e-005
-5.908816e-004 1.974484e-002 9.044515e-005
-5.808904e-004 1.974567e-002 8.628871e-005
-5.704582e-004 1.974651e-002 8.210419e-005
-5.595470e-004 1.974735e-002 7.789327e-005
-5.481122e-004 1.974819e-002 7.365751e-005
-5.361011e-004 1.974904e-002 6.939842e-005
-5.234532e-004 1.974988e-002 6.511841e-005
-5.100950e-004 1.975073e-002 6.081960e-005
-4.959406e-004 1.975158e-002 5.650385e-005
-4.808865e-004 1.975244e-002 5.217282e-005
-4.648039e-004 1.975330e-002 4.782825e-005
-4.475332e-004 1.975417e-002 4.347213e-005
-4.288725e-004 1.975504e-002 3.910661e-005
-4.104041e-004 1.974935e-002 3.634855e-005
-3.955881e-004 1.975042e-002 3.657433e-005
-3.814147e-004 1.975107e-002 3.732176e-005
-3.668087e-004 1.975184e-002 3.838912e-005
-3.527062e-004 1.975914e-002 4.140557e-005
-3.164969e-004 1.857057e-002 3.693938e-005
-2.589780e-004 1.625747e-002 2.826548e-005
-1.933777e-004 1.362512e-002 1.887544e-005
-1.298163e-004 1.108776e-002 1.093029e-005
-7.433963e-005 8.834130e-003 5.160673e-006
-2.963501e-005 6.927646e-003 1.470403e-006
3.920747e-006 5.365946e-003 -5.776961e-007
2.728844e-005 4.115496e-003 -1.464018e-006
4.216249e-005 3.131081e-003 -1.638794e-006
5.034661e-005 2.366110e-003 -1.405368e-006
5.356803e-005 1.777737e-003 -9.747389e-007
5.332136e-005 1.328926e-003 -4.783549e-007
5.081790e-005 9.888910e-004 8.833669e-009
4.698864e-005 7.327230e-004 4.489851e-007
4.251514e-005 5.406556e-004 8.270170e-007
3.787183e-005 3.972337e-004 1.140821e-006
3.336996e-005 2.905112e-004 1.394993e-006
2.919793e-005 2.113389e-004 1.596961e-006
2.545468e-005 1.527612e-004 1.755103e-006
2.217777e-005 1.095231e-004 1.877339e-006
1.936447e-005 7.767495e-005 1.970643e-006
1.698718e-005 5.426088e-005 2.040950e-006
1.500467e-005 3.707724e-005 2.093161e-006
1.336975e-005 2.448635e-005 2.131237e-006
1.203437e-005 1.527458e-005 2.158339e-006
1.095273e-005 8.544777e-006 2.176957e-006
1.008300e-005 3.635178e-006 2.189042e-006
9.388172e-006 5.859221e-008 2.196108e-006
8.836267e-006 -2.543023e-006 2.199328e-006
8.400134e-006 -4.432383e-006 2.199608e-006
8.057071e-006 -5.801987e-006 2.197642e-006
7.788331e-006 -6.792695e-006 2.193964e-006
7.578587e-006 -7.507461e-006 2.188984e-006
7.415431e-006 -8.021445e-006 2.183013e-006
7.288878e-006 -8.389468e-006 2.176290e-006
7.190953e-006 -8.651466e-006 2.168992e-006
7.115338e-006 -8.836512e-006 2.161258e-006
7.057047e-006 -8.965751e-006 2.153197e-006
7.012162e-006 -9.054549e-006 2.144890e-006
6.977619e-006 -9.114060e-006 2.136398e-006
6.951034e-006 -9.152377e-006 2.127768e-006
6.930558e-006 -9.175366e-006 2.119035e-006
6.914746e-006 -9.187280e-006 2.110226e-006
6.902497e-006 -9.191196e-006 2.101361e-006
6.892962e-006 -9.189336e-006 2.092455e-006
6.885490e-006 -9.183310e-006 2.083521e-006
6.879582e-006 -9.174277e-006 2.074567e-006
6.874859e-006 -9.163077e-006 2.065600e-006
6.871037e-006 -9.150310e-006 2.056624e-006
6.867887e-006 -9.136417e-006 2.047644e-006
6.865239e-006 -9.121710e-006 2.038663e-006
6.862971e-006 -9.106415e-006 2.029682e-006
6.860986e-006 -9.090694e-006 2.020703e-006
6.859213e-006 -9.074662e-006 2.011729e-006
6.857598e-006 -9.058404e-006 2.002758e-006
6.856103e-006 -9.041977e-006 1.993793e-006
6.854697e-006 -9.025426e-006 1.984834e-006
6.853349e-006 -9.008783e-006 1.975881e-006
6.852044e-006 -8.992070e-006 1.966934e-006
6.850770e-006 -8.975302e-006 1.957994e-006
6.849519e-006 -8.958490e-006 1.949062e-006
6.848283e-006 -8.941641e-006 1.940137e-006
6.847057e-006 -8.924763e-006 1.931219e-006
6.845846e-006 -8.907854e-006 1.922308e-006
6.844634e-006 -8.890926e-006 1.913407e-006
6.843421e-006 -8.873978e-006 1.904514e-006
6.842206e-006 -8.857012e-006 1.895630e-006
6.840988e-006 -8.840026e-006 1.886754e-006
6.839766e-006 -8.823022e-006 1.877886e-006
6.838539e-006 -8.805999e-006 1.869026e-006
6.837314e-006 -8.788957e-006 1.860173e-006
6.836083e-006 -8.771897e-006 1.851329e-006
6.834835e-006 -8.754817e-006 1.842484e-006
6.833558e-006 -8.737709e-006 1.833623e-006
6.832267e-006 -8.720580e-006 1.824759e-006
6.830969e-006 -8.703435e-006 1.815897e-006
6.829669e-006 -8.686276e-006 1.807042e-006
6.828368e-006 -8.669102e-006 1.798194e-006
6.827076e-006 -8.651912e-006 1.789354e-006
6.825777e-006 -8.634709e-006 1.780522e-006
6.824473e-006 -8.617494e-006 1.771699e-006
6.823165e-006 -8.600264e-006 1.762885e-006
6.821854e-006 -8.583020e-006 1.754079e-006
6.820539e-006 -8.565761e-006 1.745282e-006
6.819220e-006 -8.548486e-006 1.736494e-006
6.817902e-006 -8.531194e-006 1.727714e-006
6.816579e-006 -8.513886e-006 1.718944e-006
6.815247e-006 -8.496564e-006 1.710182e-006
6.813908e-006 -8.479227e-006 1.701430e-006
6.812563e-006 -8.461875e-006 1.692686e-006
6.811211e-006 -8.444507e-006 1.683952e-006
6.809854e-006 -8.427122e-006 1.675226e-006
6.808494e-006 -8.409722e-006 1.666510e-006
6.807134e-006 -8.392303e-006 1.657803e-006
6.805763e-006 -8.374870e-006 1.649105e-006
6.804383e-006 -8.357422e-006 1.640417e-006
6.802997e-006 -8.339959e-006 1.631738e-006
6.801605e-006 -8.322480e-006 1.623068e-006
6.800206e-006 -8.304985e-006 1.614408e-006
6.798802e-006 -8.287474e-006 1.605757e-006
6.797399e-006 -8.269945e-006 1.597115e-006
6.795988e-006 -8.252401e-006 1.588483e-006
6.794567e-006 -8.234843e-006 1.579861e-006
6.793139e-006 -8.217269e-006 1.571248e-006
6.791705e-006 -8.199681e-006 1.562645e-006
6.790264e-006 -8.182076e-006 1.554051e-006
6.788818e-006 -8.164456e-006 1.545467e-006
6.787370e-006 -8.146819e-006 1.536893e-006
6.785918e-006 -8.129165e-006 1.528329e-006
6.784457e-006 -8.111497e-006 1.519774e-006
6.782987e-006 -8.093814e-006 1.511230e-006
6.781511e-006 -8.076117e-006 1.502695e-006
6.780028e-006 -8.058404e-006 1.494170e-006
6.778539e-006 -8.040675e-006 1.485655e-006
6.777045e-006 -8.022931e-006 1.477150e-006
6.775554e-006 -8.005169e-006 1.468656e-006
6.774052e-006 -7.987393e-006 1.460171e-006
6.772541e-006 -7.969602e-006 1.451696e-006
6.771022e-006 -7.951797e-006 1.443232e-006
6.769498e-006 -7.933977e-006 1.434778e-006
6.767967e-006 -7.916141e-006 1.426334e-006
6.766431e-006 -7.898290e-006 1.417900e-006
6.764895e-006 -7.880422e-006 1.409477e-006
6.763352e-006 -7.862539e-006 1.401063e-006
6.761800e-006 -7.844642e-006 1.392661e-006
6.760241e-006 -7.826730e-006 1.384268e-006
6.758672e-006 -7.808803e-006 1.375884e-006
6.757093e-006 -7.790859e-006 1.367507e-006
6.755507e-006 -7.772899e-006 1.359138e-006
5.405198e-003 4.196046e-003 -2.616459e-003
1.200387e-002 8.373687e-003 -4.003579e-003
1.574949e-002 7.826808e-003 -7.071738e-004
1.604914e-002 6.951570e-003 -1.146693e-004
1.608951e-002 6.826574e-003 -1.014943e-004
1.609309e-002 6.816174e-003 -1.038212e-004
1.609108e-002 6.823326e-003 -1.065836e-004
1.608812e-002 6.833454e-003 -1.093366e-004
1.608490e-002 6.844383e-003 -1.120593e-004
1.466560e-002 2.976842e-003 -2.347618e-004
1.279309e-002 -4.747327e-004 -2.708250e-004
1.060867e-002 -3.578652e-003 -2.441081e-004
8.386101e-003 -6.578208e-003 -1.863040e-004
6.509130e-003 -9.331321e-003 -1.157000e-004
6.590717e-003 -1.012225e-002 -6.112485e-005
7.176937e-003 -1.041024e-002 -4.154684e-005
7.801291e-003 -1.066944e-002 -4.026629e-005
8.456387e-003 -1.088830e-002 -4.858462e-005
9.137020e-003 -1.105817e-002 -6.242279e-005
9.838112e-003 -1.117272e-002 -7.985318e-005
1.055452e-002 -1.122687e-002 -9.997202e-005
1.128054e-002 -1.121713e-002 -1.222460e-004
1.201067e-002 -1.114045e-002 -1.463297e-004
1.273905e-002 -1.099538e-002 -1.720139e-004
1.345992e-002 -1.078135e-002 -1.990991e-004
1.416808e-002 -1.049806e-002 -2.274562e-004
1.474858e-002 -1.007528e-002 -2.524075e-004
1.505241e-002 -9.455841e-003 -2.634317e-004
1.533514e-002 -8.833354e-003 -2.722559e-004
1.559528e-002 -8.207776e-003 -2.798392e-004
1.583345e-002 -7.579690e-003 -2.867066e-004
1.605032e-002 -6.949606e-003 -2.931740e-004
1.624623e-002 -6.317987e-003 -2.992703e-004
1.642184e-002 -5.685094e-003 -3.050390e-004
1.657761e-002 -5.051254e-003 -3.105332e-004
1.671397e-002 -4.416697e-003 -3.157747e-004
1.683130e-002 -3.781599e-003 -3.207699e-004
1.692993e-002 -3.146096e-003 -3.255168e-004
1.701015e-002 -2.510291e-003 -3.300085e-004
1.707217e-002 -1.874257e-003 -3.342340e-004
1.711617e-002 -1.238047e-003 -3.381804e-004
1.714228e-002 -6.016953e-004 -3.418321e-004
1.715056e-002 3.476956e-005 -3.451711e-004
1.714119e-002 6.713340e-004 -3.482233e-004
1.711384e-002 1.307976e-003 -3.509141e-004
1.706855e-002 1.944661e-003 -3.532021e-004
1.700518e-002 2.581349e-003 -3.550766e-004
1.692352e-002 3.217979e-003 -3.565149e-004
1.682334e-002 3.854470e-003 -3.574899e-004
1.670433e-002 4.490710e-003 -3.579726e-004
1.656614e-002 5.126550e-003 -3.579334e-004
1.640838e-002 5.761799e-003 -3.573417e-004
1.623060e-002 6.396216e-003 -3.561669e-004
1.603230e-002 7.029500e-003 -3.543791e-004
1.581294e-002 7.661285e-003 -3.519486e-004
1.557197e-002 8.291129e-003 -3.488473e-004
1.530875e-002 8.918506e-003 -3.450487e-004
1.502266e-002 9.542792e-003 -3.405288e-004
1.471303e-002 1.016326e-002 -3.352666e-004
1.437919e-002 1.077908e-002 -3.292448e-004
1.402031e-002 1.138908e-002 -3.223549e-004
1.363604e-002 1.199257e-002 -3.147323e-004
1.322558e-002 1.258807e-002 -3.063790e-004
1.278840e-002 1.317421e-002 -2.972844e-004
1.232378e-002 1.374950e-002 -2.874068e-004
1.183137e-002 1.431211e-002 -2.767738e-004
1.131082e-002 1.486020e-002 -2.654216e-004
1.076190e-002 1.539174e-002 -2.533784e-004
1.018457e-002 1.590455e-002 -2.406877e-004
9.578936e-003 1.639628e-002 -2.273794e-004
8.945563e-003 1.686486e-002 -2.136207e-004
8.284673e-003 1.730708e-002 -1.992733e-004
7.597311e-003 1.772060e-002 -1.844376e-004
6.884667e-003 1.810281e-002 -1.692066e-004
6.148186e-003 1.845108e-002 -1.536337e-004
5.389767e-003 1.876289e-002 -1.377905e-004
4.610462e-003 1.903133e-002 -1.324954e-004
3.814680e-003 1.926295e-002 -1.328201e-004
3.003939e-003 1.945180e-002 -1.343428e-004
2.181146e-003 1.959624e-002 -1.365478e-004
1.299411e-003 1.876947e-002 -1.253302e-004
5.183029e-004 1.695374e-002 -9.879391e-005
-5.242063e-005 1.477158e-002 -6.823718e-005
-4.135032e-004 1.256920e-002 -4.051004e-005
-6.072855e-004 1.052390e-002 -1.853847e-005
-6.832483e-004 8.712685e-003 -2.798434e-006
-6.838106e-004 7.155795e-003 7.488716e-006
-6.407296e-004 5.843546e-003 1.352672e-005
-5.758028e-004 4.752219e-003 1.651156e-005
-5.029955e-004 3.853070e-003 1.744751e-005
-4.306578e-004 3.117155e-003 1.710146e-005
-3.633572e-004 2.517700e-003 1.602130e-005
-3.032409e-004 2.031080e-003 1.457792e-005
-2.509829e-004 1.637049e-003 1.300986e-005
-2.064142e-004 1.318577e-003 1.146188e-005
-1.689248e-004 1.061524e-003 1.001522e-005
-1.377113e-004 8.542517e-004 8.709687e-006
-1.119229e-004 6.872447e-004 7.559191e-006
-9.074197e-005 5.527548e-004 6.562272e-006
-7.342413e-005 4.444953e-004 5.708981e-006
-5.931473e-005 3.573769e-004 4.985262e-006
-4.785105e-005 2.872872e-004 4.375636e-006
-3.855716e-005 2.309074e-004 3.864776e-006
-3.103523e-005 1.855614e-004 3.438358e-006
-2.495566e-005 1.490934e-004 3.083472e-006
-2.004714e-005 1.197674e-004 2.788757e-006
-1.608747e-005 9.618592e-005 2.544385e-006
-1.289539e-005 7.722444e-005 2.341955e-006
-1.032351e-005 6.197828e-005 2.174353e-006
-8.252200e-006 4.971973e-005 2.035593e-006
-6.584614e-006 3.986349e-005 1.920670e-006
-5.242425e-006 3.193885e-005 1.825411e-006
-4.162372e-006 2.556730e-005 1.746351e-006
-3.293406e-006 2.044448e-005 1.680621e-006
-2.594367e-006 1.632563e-005 1.625848e-006
-2.032084e-006 1.301399e-005 1.580075e-006
-1.579838e-006 1.035134e-005 1.541684e-006
-1.216116e-006 8.210457e-006 1.509349e-006
-9.236012e-007 6.489073e-006 1.481981e-006
-6.883589e-007 5.104955e-006 1.458684e-006
-4.991765e-007 3.991988e-006 1.438721e-006
-3.470342e-007 3.097020e-006 1.421491e-006
-2.246772e-007 2.377316e-006 1.406496e-006
-1.262704e-007 1.798520e-006 1.393329e-006
-4.712287e-008 1.333018e-006 1.381639e-006
1.654002e-008 9.585968e-007 1.371163e-006
6.775333e-008 6.573996e-007 1.361685e-006
1.089573e-007 4.150701e-007 1.353028e-006
1.421139e-007 2.200674e-007 1.345042e-006
1.688005e-007 6.311355e-008 1.337607e-006
1.902855e-007 -6.325047e-008 1.330624e-006
2.075883e-007 -1.650212e-007 1.324012e-006
2.215289e-007 -2.470195e-007 1.317704e-006
2.327663e-007 -3.131211e-007 1.311646e-006
2.418302e-007 -3.664419e-007 1.305794e-006
2.491468e-007 -4.094868e-007 1.300112e-006
2.550584e-007 -4.442699e-007 1.294570e-006
2.598405e-007 -4.724100e-007 1.289144e-006
2.637143e-007 -4.952090e-007 1.283815e-006
2.668578e-007 -5.137132e-007 1.278566e-006
2.694141e-007 -5.287639e-007 1.273384e-006
2.714982e-007 -5.410374e-007 1.268260e-006
2.732026e-007 -5.510776e-007 1.263183e-006
2.746015e-007 -5.593216e-007 1.258148e-006
2.757549e-007 -5.661207e-007 1.253148e-006
2.767107e-007 -5.717576e-007 1.248179e-006
2.775075e-007 -5.764593e-007 1.243237e-006
2.781762e-007 -5.804086e-007 1.238318e-006
2.787394e-007 -5.837561e-007 1.233424e-006
2.792290e-007 -5.866532e-007 1.228593e-006
2.796564e-007 -5.891820e-007 1.223811e-006
2.800311e-007 -5.914008e-007 1.219059e-006
2.803620e-007 -5.933617e-007 1.214328e-006
2.806567e-007 -5.951098e-007 1.209615e-006
2.809217e-007 -5.966833e-007 1.204916e-006
2.811626e-007 -5.981140e-007 1.200230e-006
2.813836e-007 -5.994282e-007 1.195557e-006
2.815885e-007 -6.006474e-007 1.190895e-006
2.817803e-007 -6.017892e-007 1.186246e-006
2.819613e-007 -6.028677e-007 1.181607e-006
2.821336e-007 -6.038946e-007 1.176979e-006
2.822987e-007 -6.048792e-007 1.172362e-006
2.824582e-007 -6.058329e-007 1.167759e-006
2.826138e-007 -6.067612e-007 1.163172e-006
2.827655e-007 -6.076667e-007 1.158596e-006
2.829139e-007 -6.085521e-007 1.154032e-006
2.830593e-007 -6.094200e-007 1.149478e-006
2.832021e-007 -6.102726e-007 1.144935e-006
2.833428e-007 -6.111120e-007 1.140402e-006
2.834815e-007 -6.119398e-007 1.135880e-006
2.836185e-007 -6.127576e-007 1.131367e-006
2.837539e-007 -6.135665e-007 1.126865e-006
2.838881e-007 -6.143675e-007 1.122373e-006
2.840211e-007 -6.151613e-007 1.117892e-006
2.841530e-007 -6.159486e-007 1.113420e-006
2.842839e-007 -6.167299e-007 1.108959e-006
2.844139e-007 -6.175057e-007 1.104508e-006
2.845431e-007 -6.182762e-007 1.100067e-006
2.846714e-007 -6.190417e-007 1.095636e-006
2.847989e-007 -6.198025e-007 1.091216e-006
2.849257e-007 -6.205587e-007 1.086806e-006
2.850518e-007 -6.213105e-007 1.082406e-006
2.851771e-007 -6.220580e-007 1.078017e-006
2.853018e-007 -6.228013e-007 1.073638e-006
2.854257e-007 -6.235404e-007 1.069269e-006
2.855486e-007 -6.242766e-007 1.064912e-006
2.856724e-007 -6.250143e-007 1.060571e-006
2.857960e-007 -6.257509e-007 1.056244e-006
2.859191e-007 -6.264842e-007 1.051928e-006
2.860414e-007 -6.272120e-007 1.047622e-006
2.861584e-007 -6.279477e-007 1.043338e-006
2.862912e-007 -6.287364e-007 1.039135e-006
2.864280e-007 -6.295498e-007 1.034983e-006
2.865651e-007 -6.303643e-007 1.030859e-006
2.867004e-007 -6.311682e-007 1.026754e-006
2.868329e-007 -6.319566e-007 1.022663e-006
2.869627e-007 -6.327279e-007 1.018583e-006
2.870896e-007 -6.334825e-007 1.014514e-006
2.872139e-007 -6.342216e-007 1.010456e-006
2.873359e-007 -6.349466e-007 1.006407e-006
2.874558e-007 -6.356592e-007 1.002369e-006
2.875738e-007 -6.363606e-007 9.983404e-007
2.876902e-007 -6.370522e-007 9.943218e-007
2.878051e-007 -6.377350e-007 9.903130e-007
2.879187e-007 -6.384099e-007 9.863141e-007
2.880311e-007 -6.390776e-007 9.823250e-007
2.881424e-007 -6.397387e-007 9.783458e-007
2.882527e-007 -6.403938e-007 9.743764e-007
2.883621e-007 -6.410433e-007 9.704169e-007
2.884706e-007 -6.416874e-007 9.664673e-007
2.885783e-007 -6.423265e-007 9.625275e-007
2.886851e-007 -6.429608e-007 9.585976e-007
2.887912e-007 -6.435904e-007 9.546776e-007
2.888966e-007 -6.442154e-007 9.507675e-007
2.890012e-007 -6.448360e-007 9.468673e-007
2.891052e-007 -6.454523e-007 9.429770e-007
2.892084e-007 -6.460644e-007 9.390967e-007
2.893111e-007 -6.466721e-007 9.352264e-007
2.894130e-007 -6.472758e-007 9.313660e-007
2.895140e-007 -6.478754e-007 9.275156e-007
2.896146e-007 -6.484709e-007 9.236753e-007
2.897144e-007 -6.490622e-007 9.198449e-007
2.898136e-007 -6.496496e-007 9.160246e-007
2.899122e-007 -6.502329e-007 9.122144e-007
2.900101e-007 -6.508121e-007 9.084142e-007
2.901073e-007 -6.513874e-007 9.046241e-007
2.902039e-007 -6.519586e-007 9.008441e-007
2.902998e-007 -6.525258e-007 8.970743e-007
2.903951e-007 -6.530890e-007 8.933145e-007
2.904897e-007 -6.536482e-007 8.895649e-007
2.905837e-007 -6.542034e-007 8.858255e-007
2.906770e-007 -6.547547e-007 8.820963e-007
2.907697e-007 -6.553019e-007 8.783772e-007
2.908617e-007 -6.558451e-007 8.746684e-007
2.909531e-007 -6.563843e-007 8.709698e-007
2.910438e-007 -6.569195e-007 8.672815e-007
2.911339e-007 -6.574507e-007 8.636034e-007
2.912233e-007 -6.579779e-007 8.599356e-007
2.913121e-007 -6.585011e-007 8.562780e-007
2.914002e-007 -6.590203e-007 8.526308e-007
-3.767108e-004 2.031629e-003 1.578555e-005
-6.196778e-004 3.478805e-003 5.436567e-005
-8.239903e-004 4.406827e-003 9.153459e-005
-1.020983e-003 5.164232e-003 1.241366e-004
-1.238617e-003 5.893948e-003 1.541241e-004
-1.493777e-003 6.657401e-003 1.840326e-004
-1.799798e-003 7.481924e-003 2.159366e-004
-2.169576e-003 8.379839e-003 2.514104e-004
-2.616911e-003 9.355776e-003 2.916868e-004
-3.156992e-003 1.040904e-002 3.378195e-004
-3.806409e-003 1.153387e-002 3.907474e-004
-4.582684e-003 1.271872e-002 4.512804e-004
-5.503433e-003 1.394524e-002 5.201863e-004
-6.584931e-003 1.518726e-002 5.980682e-004
-7.840203e-003 1.641033e-002 6.852219e-004
-8.902893e-003 1.688052e-002 7.084806e-004
-9.525468e-003 1.642314e-002 6.304068e-004
-1.012089e-002 1.594439e-002 5.603770e-004
-1.068974e-002 1.544435e-002 5.064272e-004
-1.123160e-002 1.492545e-002 4.660017e-004
-1.174633e-002 1.438998e-002 4.349957e-004
-1.223402e-002 1.383999e-002 4.103636e-004
-1.269490e-002 1.327739e-002 3.901742e-004
-1.312941e-002 1.270383e-002 3.732064e-004
-1.353793e-002 1.212095e-002 3.586533e-004
-1.392131e-002 1.152996e-002 3.459375e-004
-1.427939e-002 1.093255e-002 3.347148e-004
-1.461347e-002 1.032917e-002 3.247020e-004
-1.492402e-002 9.721075e-003 3.156255e-004
-1.521167e-002 9.109083e-003 3.073048e-004
-1.547708e-002 8.493930e-003 2.995966e-004
-1.572086e-002 7.876222e-003 2.923878e-004
-1.594362e-002 7.256479e-003 2.855858e-004
-1.614590e-002 6.635131e-003 2.791145e-004
-1.632824e-002 6.012547e-003 2.729087e-004
-1.649113e-002 5.389018e-003 2.669148e-004
-1.663499e-002 4.764779e-003 2.610869e-004
-1.676023e-002 4.140016e-003 2.553853e-004
-1.686720e-002 3.514870e-003 2.497750e-004
-1.695620e-002 2.889449e-003 2.442257e-004
-1.702747e-002 2.263829e-003 2.387104e-004
-1.708122e-002 1.638059e-003 2.332042e-004
-1.711760e-002 1.012170e-003 2.276851e-004
-1.713671e-002 3.861838e-004 2.221307e-004
-1.713987e-002 3.347588e-005 2.174773e-004
-1.714007e-002 -1.245257e-005 2.152159e-004
-1.714018e-002 -1.773555e-005 2.134368e-004
-1.714029e-002 -1.795175e-005 2.116711e-004
-1.714041e-002 -1.752500e-005 2.098567e-004
-1.714053e-002 -1.700470e-005 2.079863e-004
-1.714066e-002 -1.645860e-005 2.060597e-004
-1.714080e-002 -1.589285e-005 2.040762e-004
-1.714095e-002 -1.530669e-005 2.020368e-004
-1.714110e-002 -1.469870e-005 1.999411e-004
-1.714127e-002 -1.406731e-005 1.977895e-004
-1.714146e-002 -1.341095e-005 1.955793e-004
-1.714161e-002 -1.272797e-005 1.933233e-004
-1.714180e-002 -1.201721e-005 1.910063e-004
-1.714199e-002 -1.127667e-005 1.886385e-004
-1.714217e-002 -1.050454e-005 1.862184e-004
-1.714236e-002 -9.699132e-006 1.837463e-004
-1.714256e-002 -8.859293e-006 1.812229e-004
-1.714276e-002 -7.983418e-006 1.786486e-004
-1.714296e-002 -7.069375e-006 1.760238e-004
-1.714316e-002 -6.115055e-006 1.733491e-004
-1.714337e-002 -5.118415e-006 1.706248e-004
-1.714358e-002 -4.077534e-006 1.678517e-004
-1.714380e-002 -2.990758e-006 1.650306e-004
-1.714402e-002 -1.856158e-006 1.621621e-004
-1.714424e-002 -6.715100e-007 1.592468e-004
-1.714446e-002 5.644662e-007 1.562858e-004
-1.714468e-002 1.854713e-006 1.532794e-004
-1.714491e-002 3.201211e-006 1.502284e-004
-1.714513e-002 4.606713e-006 1.471333e-004
-1.714536e-002 6.073689e-006 1.439948e-004
-1.714559e-002 7.604632e-006 1.408136e-004
-1.714582e-002 9.201579e-006 1.375909e-004
-1.714605e-002 1.089151e-005 1.343236e-004
-1.714628e-002 1.266593e-005 1.310158e-004
-1.714651e-002 1.451612e-005 1.276694e-004
-1.714674e-002 1.644315e-005 1.242853e-004
-1.714697e-002 1.845004e-005 1.208641e-004
-1.714720e-002 2.054014e-005 1.174068e-004
-1.714742e-002 2.271680e-005 1.139140e-004
-1.714765e-002 2.498229e-005 1.103874e-004
-1.714787e-002 2.734051e-005 1.068274e-004
-1.714809e-002 2.979612e-005 1.032346e-004
-1.714831e-002 3.235319e-005 9.960969e-005
-1.714853e-002 3.501569e-005 9.595392e-005
-1.714874e-002 3.778781e-005 9.226821e-005
-1.714895e-002 4.067474e-005 8.855319e-005
-1.714915e-002 4.368147e-005 8.480988e-005
-1.714935e-002 4.681246e-005 8.103965e-005
-1.714954e-002 5.007362e-005 7.724322e-005
-1.714973e-002 5.347114e-005 7.342139e-005
-1.714992e-002 5.701182e-005 6.957497e-005
-1.715010e-002 6.070255e-005 6.570494e-005
-1.715027e-002 6.455072e-005 6.181228e-005
-1.715044e-002 6.856403e-005 5.789813e-005
-1.715060e-002 7.275077e-005 5.396354e-005
-1.715075e-002 7.712044e-005 5.000936e-005
-1.715090e-002 8.168242e-005 4.603703e-005
-1.715103e-002 8.644779e-005 4.204729e-005
-1.715116e-002 9.142871e-005 3.804110e-005
-1.713897e-002 1.344406e-004 1.040778e-003
-1.702412e-002 2.659767e-004 3.453799e-003
-1.679923e-002 4.213333e-004 5.713139e-003
-1.648444e-002 5.942737e-004 7.812655e-003
-1.611041e-002 7.794996e-004 9.689714e-003
-1.589986e-002 9.478093e-004 1.053295e-002
-1.600413e-002 1.068842e-003 1.007846e-002
-1.609778e-002 1.180779e-003 9.636183e-003
-1.618475e-002 1.288726e-003 9.200315e-003
-1.626544e-002 1.393583e-003 8.770504e-003
-1.634018e-002 1.495637e-003 8.346517e-003
-1.640930e-002 1.595093e-003 7.928093e-003
-1.647308e-002 1.692146e-003 7.514988e-003
-1.653178e-002 1.787000e-003 7.106945e-003
-1.658564e-002 1.879873e-003 6.703704e-003
-1.663489e-002 1.971000e-003 6.305002e-003
-1.667970e-002 2.060644e-003 5.910573e-003
-1.672025e-002 2.149101e-003 5.520151e-003
-1.675668e-002 2.236714e-003 5.133467e-003
-1.678910e-002 2.323888e-003 4.750253e-003
-1.681761e-002 2.411108e-003 4.370237e-003
-1.684227e-002 2.498969e-003 3.993149e-003
-1.685561e-002 2.587668e-003 3.618289e-003
-1.687255e-002 2.684234e-003 3.244966e-003
-1.688457e-002 2.788502e-003 2.874803e-003
-1.689174e-002 2.902845e-003 2.506217e-003
-1.689351e-002 3.030505e-003 2.138939e-003
-1.689540e-002 3.177658e-003 1.772155e-003
-1.660437e-002 3.276988e-003 1.385096e-003
-1.503127e-002 3.075942e-003 9.484550e-004
-1.286257e-002 2.728385e-003 5.785685e-004
-1.061242e-002 2.344321e-003 3.215070e-004
-8.535141e-003 1.975419e-003 1.541250e-004
-6.736518e-003 1.643548e-003 5.576037e-005
-5.240690e-003 1.355356e-003 3.063057e-006
-4.030725e-003 1.110332e-003 -2.171557e-005
-3.071563e-003 9.047995e-004 -3.062905e-005
-2.322786e-003 7.339736e-004 -3.125296e-005
-1.745232e-003 5.929552e-004 -2.805375e-005
-1.304037e-003 4.771759e-004 -2.350247e-005
-9.696781e-004 3.825656e-004 -1.886250e-005
-7.179698e-004 3.055857e-004 -1.466746e-005
-5.295617e-004 2.432101e-004 -1.056396e-005
-3.892350e-004 1.928678e-004 -6.935991e-006
-2.851722e-004 1.523989e-004 -3.999437e-006
-2.083009e-004 1.199954e-004 -1.735229e-006
-1.517159e-004 9.415065e-005 -4.199500e-008
-1.101954e-004 7.361296e-005 1.203782e-006
-7.982098e-005 5.735304e-005 2.105833e-006
-5.766435e-005 4.452615e-005 2.750624e-006
-4.154685e-005 3.444263e-005 3.206289e-006
-2.985400e-005 2.654231e-005 3.524761e-006
-2.139373e-005 2.037248e-005 3.744769e-006
-1.528867e-005 1.556906e-005 3.894751e-006
-1.089506e-005 1.184060e-005 3.995349e-006
-7.741862e-006 8.954812e-006 4.061399e-006
-5.485345e-006 6.727403e-006 4.103475e-006
-3.875337e-006 5.012711e-006 4.129059e-006
-2.730220e-006 3.696071e-006 4.143405e-006
-1.918477e-006 2.687551e-006 4.150173e-006
-1.345109e-006 1.916863e-006 4.151896e-006
-9.416766e-007 1.329259e-006 4.150308e-006
-6.589992e-007 8.822271e-007 4.146589e-006
-4.618354e-007 5.428607e-007 4.141531e-006
-3.250029e-007 2.857589e-007 4.135660e-006
-2.305623e-007 9.136975e-008 4.129317e-006
-1.657746e-007 -5.531733e-008 4.122722e-006
-1.216254e-007 -1.657972e-007 4.116012e-006
-9.175981e-008 -2.488513e-007 4.109269e-006
-7.171630e-008 -3.111725e-007 4.102540e-006
-5.837686e-008 -3.578506e-007 4.095848e-006
-4.957343e-008 -3.927481e-007 4.089204e-006
-4.380739e-008 -4.187898e-007 4.082609e-006
-4.004944e-008 -4.381862e-007 4.076060e-006
-3.759809e-008 -4.526047e-007 4.069553e-006
-3.597957e-008 -4.633005e-007 4.063080e-006
-3.487739e-008 -4.712171e-007 4.056637e-006
-3.408289e-008 -4.770618e-007 4.050216e-006
-3.346066e-008 -4.813646e-007 4.043814e-006
-3.292483e-008 -4.845216e-007 4.037426e-006
-3.242264e-008 -4.868282e-007 4.031047e-006
-3.192286e-008 -4.885048e-007 4.024675e-006
-3.140832e-008 -4.897149e-007 4.018308e-006
-3.087069e-008 -4.905803e-007 4.011944e-006
-3.030710e-008 -4.911910e-007 4.005580e-006
-2.971778e-008 -4.916138e-007 3.999215e-006
-2.910471e-008 -4.918980e-007 3.992849e-006
-2.847064e-008 -4.920798e-007 3.986481e-006
-2.781864e-008 -4.921861e-007 3.980110e-006
-2.715165e-008 -4.922366e-007 3.973736e-006
-2.647232e-008 -4.922457e-007 3.967359e-006
-2.578302e-008 -4.922240e-007 3.960977e-006
-2.508585e-008 -4.921793e-007 3.954591e-006
-2.438257e-008 -4.921170e-007 3.948201e-006
-2.367455e-008 -4.920416e-007 3.941807e-006
-2.296287e-008 -4.919559e-007 3.935409e-006
-2.222577e-008 -4.918801e-007 3.929021e-006
-2.140658e-008 -4.918603e-007 3.922682e-006
-2.055129e-008 -4.918610e-007 3.916369e-006
-1.969154e-008 -4.918589e-007 3.910064e-006
-1.884287e-008 -4.918434e-007 3.903762e-006
-1.801193e-008 -4.918105e-007 3.897457e-006
-1.720023e-008 -4.917597e-007 3.891149e-006
-1.640679e-008 -4.916923e-007 3.884836e-006
-1.562944e-008 -4.916101e-007 3.878519e-006
-1.486576e-008 -4.915153e-007 3.872196e-006
-1.411339e-008 -4.914095e-007 3.865869e-006
-1.337007e-008 -4.912947e-007 3.859537e-006
-1.263407e-008 -4.911721e-007 3.853200e-006
-1.190391e-008 -4.910428e-007 3.846858e-006
-1.117835e-008 -4.909079e-007 3.840512e-006
-1.045649e-008 -4.907680e-007 3.834160e-006
-9.737694e-009 -4.906237e-007 3.827804e-006
-9.021348e-009 -4.904754e-007 3.821444e-006
-8.307035e-009 -4.903236e-007 3.815079e-006
-7.594438e-009 -4.901686e-007 3.808709e-006
-6.883411e-009 -4.900103e-007 3.802335e-006
-6.173755e-009 -4.898492e-007 3.795956e-006
-5.465297e-009 -4.896853e-007 3.789573e-006
-4.758057e-009 -4.895187e-007 3.783185e-006
-4.051930e-009 -4.893494e-007 3.776793e-006
-3.346864e-009 -4.891775e-007 3.770397e-006
-2.642758e-009 -4.890032e-007 3.763996e-006
-1.939688e-009 -4.888264e-007 3.757591e-006
-1.237579e-009 -4.886472e-007 3.751182e-006
-5.362315e-010 -4.884658e-007 3.744768e-006
1.728954e-010 -4.882884e-007 3.738356e-006
8.878914e-010 -4.881137e-007 3.731943e-006
1.603685e-009 -4.879377e-007 3.725529e-006
2.317680e-009 -4.877587e-007 3.719111e-006
3.028778e-009 -4.875759e-007 3.712690e-006
3.736455e-009 -4.873890e-007 3.706265e-006
4.440904e-009 -4.871981e-007 3.699835e-006
5.142268e-009 -4.870035e-007 3.693402e-006
5.840860e-009 -4.868052e-007 3.686965e-006
6.536976e-009 -4.866036e-007 3.680523e-006
-5.460519e-003 4.105705e-003 2.061547e-004
-1.221032e-002 8.901378e-003 -4.268900e-004
-1.530573e-002 8.880771e-003 -1.385529e-004
-1.555152e-002 8.334292e-003 -7.912549e-005
-1.559044e-002 8.236645e-003 -8.265687e-005
-1.559956e-002 8.213095e-003 -8.762300e-005
-1.560385e-002 8.201617e-003 -9.253332e-005
-1.560723e-002 8.192395e-003 -9.740239e-005
-1.561031e-002 8.183876e-003 -1.022388e-004
-1.561322e-002 8.175810e-003 -1.070429e-004
-1.561594e-002 8.168151e-003 -1.118138e-004
-1.561851e-002 8.160889e-003 -1.165502e-004
-1.562091e-002 8.154019e-003 -1.212509e-004
-1.562315e-002 8.147534e-003 -1.259146e-004
-1.562524e-002 8.141430e-003 -1.305401e-004
-1.562717e-002 8.135703e-003 -1.351261e-004
-1.562895e-002 8.130349e-003 -1.396711e-004
-1.563070e-002 8.125450e-003 -1.441774e-004
-1.563224e-002 8.120856e-003 -1.486377e-004
-1.563358e-002 8.116598e-003 -1.530523e-004
-1.563477e-002 8.112702e-003 -1.574210e-004
-1.563582e-002 8.109163e-003 -1.617426e-004
-1.563673e-002 8.105979e-003 -1.660157e-004
-1.563750e-002 8.103147e-003 -1.702392e-004
-1.563822e-002 8.100738e-003 -1.744107e-004
-1.563919e-002 8.099032e-003 -1.785081e-004
-1.564001e-002 8.097684e-003 -1.825434e-004
-1.564070e-002 8.096678e-003 -1.865198e-004
-1.564124e-002 8.096008e-003 -1.904365e-004
-1.564166e-002 8.095675e-003 -1.942928e-004
-1.564195e-002 8.095675e-003 -1.980873e-004
-1.564210e-002 8.096008e-003 -2.018191e-004
-1.564212e-002 8.096673e-003 -2.054874e-004
-1.564201e-002 8.097667e-003 -2.090911e-004
-1.564176e-002 8.098992e-003 -2.126293e-004
-1.564139e-002 8.100646e-003 -2.161013e-004
-1.564088e-002 8.102629e-003 -2.195063e-004
-1.564023e-002 8.104941e-003 -2.228432e-004
-1.563945e-002 8.107582e-003 -2.261113e-004
-1.563854e-002 8.110552e-003 -2.293097e-004
-1.563749e-002 8.113853e-003 -2.324376e-004
-1.563631e-002 8.117485e-003 -2.354944e-004
-1.563498e-002 8.121449e-003 -2.384793e-004
-1.563352e-002 8.125747e-003 -2.413915e-004
-1.563192e-002 8.130380e-003 -2.442305e-004
-1.563018e-002 8.135349e-003 -2.469955e-004
-1.562830e-002 8.140658e-003 -2.496858e-004
-1.562627e-002 8.146308e-003 -2.523008e-004
-1.562409e-002 8.152300e-003 -2.548399e-004
-1.562177e-002 8.158641e-003 -2.573024e-004
-1.561930e-002 8.165333e-003 -2.596879e-004
-1.561668e-002 8.172378e-003 -2.619956e-004
-1.561390e-002 8.179777e-003 -2.642252e-004
-1.561097e-002 8.187541e-003 -2.663764e-004
-1.560788e-002 8.195672e-003 -2.684486e-004
-1.560463e-002 8.204176e-003 -2.704409e-004
-1.560122e-002 8.213058e-003 -2.723532e-004
-1.559764e-002 8.222322e-003 -2.741849e-004
-1.559389e-002 8.231976e-003 -2.759358e-004
-1.558997e-002 8.242027e-003 -2.776054e-004
-1.558587e-002 8.252482e-003 -2.791934e-004
-1.558159e-002 8.263348e-003 -2.806992e-004
-1.557713e-002 8.274634e-003 -2.821226e-004
-1.557247e-002 8.286350e-003 -2.834633e-004
-1.556762e-002 8.298505e-003 -2.847211e-004
-1.556257e-002 8.311112e-003 -2.858956e-004
-1.555731e-002 8.324177e-003 -2.869869e-004
-1.555184e-002 8.337716e-003 -2.879947e-004
-1.554615e-002 8.351741e-003 -2.889187e-004
-1.554023e-002 8.366265e-003 -2.897589e-004
-1.553408e-002 8.381305e-003 -2.905148e-004
-1.552770e-002 8.396877e-003 -2.911865e-004
-1.552106e-002 8.412998e-003 -2.917739e-004
-1.551416e-002 8.429686e-003 -2.922769e-004
-1.550700e-002 8.446962e-003 -2.926955e-004
-1.549955e-002 8.464847e-003 -2.930296e-004
-1.549182e-002 8.483366e-003 -2.932792e-004
-1.548378e-002 8.502544e-003 -2.934443e-004
-1.547542e-002 8.522407e-003 -2.935250e-004
-1.546673e-002 8.542986e-003 -2.935214e-004
-1.545769e-002 8.564314e-003 -2.934334e-004
-1.544829e-002 8.586425e-003 -2.932613e-004
-1.543850e-002 8.609358e-003 -2.930051e-004
-1.542831e-002 8.633156e-003 -2.926651e-004
-1.541769e-002 8.657863e-003 -2.922413e-004
-1.540661e-002 8.683530e-003 -2.917341e-004
-1.539506e-002 8.710215e-003 -2.911435e-004
-1.538298e-002 8.737974e-003 -2.904692e-004
-1.537036e-002 8.766874e-003 -2.897128e-004
-1.535715e-002 8.796996e-003 -2.888741e-004
-1.534331e-002 8.828425e-003 -2.879534e-004
-1.532880e-002 8.861248e-003 -2.869513e-004
-1.531357e-002 8.895570e-003 -2.858682e-004
-1.529753e-002 8.931507e-003 -2.847047e-004
-1.528064e-002 8.969193e-003 -2.834613e-004
-1.526281e-002 9.008778e-003 -2.821386e-004
-1.524394e-002 9.050432e-003 -2.807376e-004
-1.522394e-002 9.094361e-003 -2.792586e-004
-1.520262e-002 9.140746e-003 -2.777029e-004
-1.518044e-002 9.190234e-003 -2.760542e-004
-1.515638e-002 9.242598e-003 -2.743389e-004
-1.513036e-002 9.298308e-003 -2.725538e-004
-1.510232e-002 9.357948e-003 -2.706994e-004
-1.507195e-002 9.422032e-003 -2.687741e-004
-1.503888e-002 9.491225e-003 -2.667796e-004
-1.500265e-002 9.566352e-003 -2.647184e-004
-1.495471e-002 9.652014e-003 -2.664653e-004
-1.487311e-002 9.816150e-003 -2.977134e-004
-1.476967e-002 1.001990e-002 -3.416286e-004
-1.464842e-002 1.025173e-002 -4.005848e-004
-1.450663e-002 1.051368e-002 -4.827159e-004
-1.434411e-002 1.081395e-002 -6.027462e-004
-1.371775e-002 1.071581e-002 -7.262805e-004
-1.215671e-002 9.670791e-003 -7.462076e-004
-1.027841e-002 8.244218e-003 -6.967472e-004
-8.427132e-003 6.769037e-003 -6.123106e-004
-6.762476e-003 5.410826e-003 -5.164745e-004
-5.342046e-003 4.238486e-003 -4.231304e-004
-4.170340e-003 3.267642e-003 -3.393339e-004
-3.225955e-003 2.486648e-003 -2.677801e-004
-2.477453e-003 1.871800e-003 -2.086951e-004
-1.891614e-003 1.395826e-003 -1.610500e-004
-1.437501e-003 1.032325e-003 -1.232953e-004
-1.088160e-003 7.578333e-004 -9.377266e-005
-8.210435e-004 5.525390e-004 -7.092480e-005
-6.178032e-004 4.002792e-004 -5.338787e-005
-4.637891e-004 2.881925e-004 -4.001714e-005
-3.474712e-004 2.062362e-004 -2.987899e-005
-2.598723e-004 1.466850e-004 -2.222733e-005
-1.940676e-004 1.036696e-004 -1.647635e-005
-1.447328e-004 7.277291e-005 -1.216757e-005
-1.078104e-004 5.070269e-005 -8.948171e-006
-8.022256e-005 3.502406e-005 -6.549010e-006
-5.963951e-005 2.394809e-005 -4.765299e-006
-4.430302e-005 1.616865e-005 -3.441987e-006
-3.288964e-005 1.073771e-005 -2.462192e-006
-2.440540e-005 6.970907e-006 -1.738115e-006
-1.810523e-005 4.376885e-006 -1.204016e-006
-1.343159e-005 2.604655e-006 -8.107971e-007
-9.967870e-006 1.404803e-006 -5.218820e-007
-7.403219e-006 6.010205e-007 -3.100756e-007
-5.505986e-006 6.935362e-008 -1.552026e-007
-4.103740e-006 -2.768492e-007 -4.232123e-008
-3.068235e-006 -4.978174e-007 3.963364e-008
-2.304197e-006 -6.351323e-007 9.883842e-008
-1.740927e-006 -7.172889e-007 1.413243e-007
-1.326011e-006 -7.636548e-007 1.715352e-007
-1.020624e-006 -7.872688e-007 1.927417e-007
-7.960334e-007 -7.968117e-007 2.073485e-007
-6.309933e-007 -7.979844e-007 2.171216e-007
-5.098095e-007 -7.944679e-007 2.233563e-007
-4.208947e-007 -7.885888e-007 2.270029e-007
-3.557025e-007 -7.817744e-007 2.287576e-007
-3.079353e-007 -7.748633e-007 2.291297e-007
-2.729561e-007 -7.683159e-007 2.284914e-007
-2.473540e-007 -7.623557e-007 2.271147e-007
-2.286216e-007 -7.570616e-007 2.251979e-007
-2.149175e-007 -7.524288e-007 2.228857e-007
-2.048906e-007 -7.484080e-007 2.202834e-007
-1.975505e-007 -7.449284e-007 2.174677e-007
-1.921715e-007 -7.419135e-007 2.144942e-007
-1.882226e-007 -7.392889e-007 2.114035e-007
-1.853156e-007 -7.369867e-007 2.082249e-007
-1.831668e-007 -7.349471e-007 2.049797e-007
-1.815693e-007 -7.331189e-007 2.016833e-007
-1.803722e-007 -7.314594e-007 1.983468e-007
-1.794654e-007 -7.299337e-007 1.949784e-007
-1.787691e-007 -7.285131e-007 1.915837e-007
-1.782262e-007 -7.271738e-007 1.881665e-007
-1.777944e-007 -7.258978e-007 1.847297e-007
-1.774422e-007 -7.246708e-007 1.812758e-007
-1.771470e-007 -7.234819e-007 1.778066e-007
-1.768926e-007 -7.223221e-007 1.743232e-007
-1.766673e-007 -7.211847e-007 1.708265e-007
-1.764627e-007 -7.200642e-007 1.673172e-007
-1.762729e-007 -7.189564e-007 1.637956e-007
-1.760934e-007 -7.178581e-007 1.602620e-007
-1.759212e-007 -7.167669e-007 1.567168e-007
-1.757542e-007 -7.156807e-007 1.531600e-007
-1.755906e-007 -7.145981e-007 1.495917e-007
-1.754294e-007 -7.135182e-007 1.460122e-007
-1.752698e-007 -7.124398e-007 1.424213e-007
-1.751112e-007 -7.113626e-007 1.388192e-007
-1.749532e-007 -7.102857e-007 1.352060e-007
-1.747956e-007 -7.092091e-007 1.315815e-007
-1.746380e-007 -7.081325e-007 1.279460e-007
-1.744804e-007 -7.070556e-007 1.242994e-007
-1.743227e-007 -7.059782e-007 1.206417e-007
-1.741648e-007 -7.049002e-007 1.169730e-007
-1.740044e-007 -7.038223e-007 1.132946e-007
-1.738414e-007 -7.027445e-007 1.096068e-007
-1.736774e-007 -7.016662e-007 1.059088e-007
-1.735133e-007 -7.005872e-007 1.022002e-007
-1.733494e-007 -6.995070e-007 9.848094e-008
-1.731860e-007 -6.984260e-007 9.475080e-008
-1.730229e-007 -6.973440e-007 9.100980e-008
-1.728600e-007 -6.962608e-007 8.725793e-008
-1.727013e-007 -6.951739e-007 8.349286e-008
-1.725531e-007 -6.940783e-007 7.971021e-008
-1.724089e-007 -6.929788e-007 7.591302e-008
-1.722648e-007 -6.918781e-007 7.210317e-008
-1.721188e-007 -6.907775e-007 6.828161e-008
-1.719702e-007 -6.896777e-007 6.444885e-008
-1.718189e-007 -6.885789e-007 6.060516e-008
-1.716651e-007 -6.874810e-007 5.675067e-008
-1.715090e-007 -6.863836e-007 5.288542e-008
-1.713509e-007 -6.852866e-007 4.900947e-008
-1.711912e-007 -6.841898e-007 4.512281e-008
-1.710302e-007 -6.830931e-007 4.122546e-008
-1.708679e-007 -6.819961e-007 3.731742e-008
-1.707048e-007 -6.808988e-007 3.339871e-008
-1.705408e-007 -6.798009e-007 2.946931e-008
-1.703761e-007 -6.787026e-007 2.552925e-008
-1.702108e-007 -6.776038e-007 2.157854e-008
-1.700449e-007 -6.765044e-007 1.761718e-008
-1.698786e-007 -6.754042e-007 1.364520e-008
-1.697066e-007 -6.743053e-007 9.666135e-009
-1.695208e-007 -6.732103e-007 5.686261e-009
-1.693295e-007 -6.721162e-007 1.701104e-009
-1.691378e-007 -6.710218e-007 -2.291972e-009
-1.689479e-007 -6.699260e-007 -6.294297e-009
-1.687608e-007 -6.688283e-007 -1.030653e-008
-1.685767e-007 -6.677288e-007 -1.432898e-008
-1.683953e-007 -6.666274e-007 -1.836179e-008
-1.682161e-007 -6.655246e-007 -2.240501e-008
-1.680392e-007 -6.644197e-007 -2.645887e-008
-1.678650e-007 -6.633123e-007 -3.052406e-008
-1.676925e-007 -6.622032e-007 -3.460016e-008
-1.675208e-007 -6.610928e-007 -3.868686e-008
-1.673495e-007 -6.599815e-007 -4.278398e-008
-1.671783e-007 -6.588698e-007 -4.689142e-008
-1.670069e-007 -6.577573e-007 -5.100912e-008
-1.668354e-007 -6.566443e-007 -5.513703e-008
-1.666636e-007 -6.555307e-007 -5.927512e-008
-1.664916e-007 -6.544164e-007 -6.342337e-008
-1.663192e-007 -6.533016e-007 -6.758175e-008
-1.661465e-007 -6.521864e-007 -7.175025e-008
-1.659736e-007 -6.510705e-007 -7.592885e-008
-1.658003e-007 -6.499540e-007 -8.011753e-008
-1.656268e-007 -6.488367e-007 -8.431627e-008
5.412982e-003 -4.147238e-003 2.641828e-003
1.197705e-002 -7.841074e-003 3.959707e-003
1.593005e-002 -7.360219e-003 9.431026e-004
1.622518e-002 -6.387661e-003 2.706531e-004
1.626496e-002 -6.250397e-003 2.569993e-004
1.626875e-002 -6.236335e-003 2.597423e-004
1.626727e-002 -6.240525e-003 2.628508e-004
1.626493e-002 -6.247657e-003 2.659010e-004
1.626238e-002 -6.255504e-003 2.688760e-004
1.625971e-002 -6.263753e-003 2.717741e-004
1.625693e-002 -6.272368e-003 2.745943e-004
1.625405e-002 -6.281353e-003 2.773357e-004
1.625105e-002 -6.290720e-003 2.799973e-004
1.624793e-002 -6.300482e-003 2.825784e-004
1.624469e-002 -6.310653e-003 2.850784e-004
1.624132e-002 -6.321250e-003 2.874965e-004
1.623782e-002 -6.332286e-003 2.898318e-004
1.623418e-002 -6.343780e-003 2.920838e-004
1.623040e-002 -6.355750e-003 2.942520e-004
1.622647e-002 -6.368213e-003 2.963355e-004
1.622238e-002 -6.381193e-003 2.983338e-004
1.621813e-002 -6.394710e-003 3.002464e-004
1.621371e-002 -6.408787e-003 3.020727e-004
1.620911e-002 -6.423450e-003 3.038123e-004
1.620431e-002 -6.438725e-003 3.054648e-004
1.619933e-002 -6.454644e-003 3.070297e-004
1.619413e-002 -6.471238e-003 3.085062e-004
1.618918e-002 -6.488711e-003 3.098749e-004
1.618352e-002 -6.506729e-003 3.111719e-004
1.617762e-002 -6.525553e-003 3.123833e-004
1.617145e-002 -6.545219e-003 3.135051e-004
1.616499e-002 -6.565747e-003 3.145366e-004
1.615825e-002 -6.587185e-003 3.154791e-004
1.615119e-002 -6.609596e-003 3.163322e-004
1.614378e-002 -6.633046e-003 3.170959e-004
1.613602e-002 -6.657598e-003 3.177702e-004
1.612786e-002 -6.683327e-003 3.183553e-004
1.611928e-002 -6.710307e-003 3.188515e-004
1.611025e-002 -6.738636e-003 3.192592e-004
1.610073e-002 -6.768407e-003 3.195784e-004
1.609068e-002 -6.799733e-003 3.198098e-004
1.608004e-002 -6.832737e-003 3.199542e-004
1.606877e-002 -6.867559e-003 3.200124e-004
1.605681e-002 -6.904357e-003 3.199852e-004
1.604408e-002 -6.943310e-003 3.198734e-004
1.603050e-002 -6.984625e-003 3.196783e-004
1.601598e-002 -7.028539e-003 3.194013e-004
1.600041e-002 -7.075327e-003 3.190442e-004
1.598365e-002 -7.125311e-003 3.186088e-004
1.596556e-002 -7.178869e-003 3.180977e-004
1.594595e-002 -7.236453e-003 3.175137e-004
1.592459e-002 -7.298604e-003 3.168601e-004
1.590120e-002 -7.365981e-003 3.161414e-004
1.587544e-002 -7.439401e-003 3.153625e-004
1.584687e-002 -7.519879e-003 3.145300e-004
1.580138e-002 -7.625444e-003 3.308529e-004
1.574115e-002 -7.788229e-003 3.764020e-004
1.566854e-002 -7.978710e-003 4.371930e-004
1.558288e-002 -8.196105e-003 5.197768e-004
1.548074e-002 -8.445452e-003 6.368271e-004
1.536222e-002 -8.738685e-003 8.131324e-004
1.448590e-002 -8.520084e-003 9.525684e-004
1.269902e-002 -7.627060e-003 9.632649e-004
1.064488e-002 -6.500989e-003 8.922943e-004
8.656673e-003 -5.370420e-003 7.809236e-004
6.887721e-003 -4.342759e-003 6.572664e-004
5.390623e-003 -3.458643e-003 5.382590e-004
4.165146e-003 -2.723785e-003 4.314999e-004
3.185350e-003 -2.126943e-003 3.403985e-004
2.415636e-003 -1.650046e-003 2.651795e-004
1.819127e-003 -1.273513e-003 2.045283e-004
1.361821e-003 -9.788760e-004 1.564814e-004
1.014306e-003 -7.499057e-004 1.189347e-004
7.521438e-004 -5.729234e-004 8.990555e-005
5.555834e-004 -4.367111e-004 6.765402e-005
4.089812e-004 -3.322409e-004 5.071753e-005
3.001357e-004 -2.523450e-004 3.790140e-005
2.196441e-004 -1.913899e-004 2.825031e-005
1.603310e-004 -1.449813e-004 2.100930e-005
1.167602e-004 -1.097101e-004 1.559914e-005
8.484442e-005 -8.294598e-005 1.156889e-005
6.152701e-005 -6.266620e-005 8.573835e-006
4.453245e-005 -4.731990e-005 6.352705e-006
3.217393e-005 -3.572106e-005 4.708426e-006
2.320568e-005 -2.696464e-005 3.492961e-006
1.671069e-005 -2.036128e-005 2.595516e-006
1.201592e-005 -1.538677e-005 1.933428e-006
8.628709e-006 -1.164311e-005 1.445196e-006
6.189364e-006 -8.828516e-006 1.085177e-006
4.435843e-006 -6.714437e-006 8.195689e-007
3.177594e-006 -5.128006e-006 6.233827e-007
2.276368e-006 -3.938616e-006 4.781797e-007
1.632057e-006 -3.047694e-006 3.703746e-007
1.172300e-006 -2.380925e-006 2.899728e-007
8.448884e-007 -1.882341e-006 2.296304e-007
6.122151e-007 -1.509830e-006 1.839580e-007
4.472387e-007 -1.231737e-006 1.490047e-007
3.305481e-007 -1.024293e-006 1.218770e-007
2.482350e-007 -8.696657e-007 1.004581e-007
1.903557e-007 -7.544884e-007 8.320109e-008
1.497992e-007 -6.687519e-007 6.897592e-008
1.214964e-007 -6.049676e-007 5.695789e-008
1.018420e-007 -5.575380e-007 4.654572e-008
8.827618e-008 -5.222827e-007 3.730139e-008
7.898565e-008 -4.960821e-007 2.890607e-008
7.268859e-008 -4.766107e-007 2.112791e-008
6.848089e-008 -4.621361e-007 1.379842e-008
6.572638e-008 -4.513688e-007 6.795271e-009
6.397890e-008 -4.433500e-007 2.971297e-011
6.292629e-008 -4.373670e-007 -6.562587e-009
6.235079e-008 -4.328909e-007 -1.302822e-008
6.157575e-008 -4.295305e-007 -1.940449e-008
5.860525e-008 -4.270147e-007 -2.576748e-008
5.465421e-008 -4.251394e-007 -3.216330e-008
5.064782e-008 -4.237369e-007 -3.858141e-008
4.703204e-008 -4.226767e-007 -4.500000e-008
4.398204e-008 -4.218620e-007 -5.140197e-008
4.152759e-008 -4.212222e-007 -5.777787e-008
3.962640e-008 -4.207073e-007 -6.412451e-008
3.820605e-008 -4.202822e-007 -7.044278e-008
3.718657e-008 -4.199222e-007 -7.673582e-008
3.649202e-008 -4.196101e-007 -8.300769e-008
3.605558e-008 -4.193336e-007 -8.926260e-008
3.582109e-008 -4.190841e-007 -9.550448e-008
3.574271e-008 -4.188552e-007 -1.017368e-007
3.578392e-008 -4.186423e-007 -1.079623e-007
3.591610e-008 -4.184419e-007 -1.141834e-007
3.611703e-008 -4.182513e-007 -1.204021e-007
3.636955e-008 -4.180682e-007 -1.266196e-007
3.666069e-008 -4.178912e-007 -1.328373e-007
3.698058e-008 -4.177187e-007 -1.390560e-007
3.732194e-008 -4.175497e-007 -1.452763e-007
3.767916e-008 -4.173834e-007 -1.514988e-007
3.804821e-008 -4.172190e-007 -1.577237e-007
3.842592e-008 -4.170559e-007 -1.639515e-007
3.881008e-008 -4.168938e-007 -1.701823e-007
3.919892e-008 -4.167321e-007 -1.764162e-007
3.959123e-008 -4.165706e-007 -1.826534e-007
3.998609e-008 -4.164091e-007 -1.888939e-007
4.038287e-008 -4.162473e-007 -1.951378e-007
4.078112e-008 -4.160852e-007 -2.013850e-007
4.118036e-008 -4.159225e-007 -2.076357e-007
4.158036e-008 -4.157592e-007 -2.138898e-007
4.198098e-008 -4.155952e-007 -2.201472e-007
4.238208e-008 -4.154304e-007 -2.264081e-007
4.278351e-008 -4.152649e-007 -2.326724e-007
4.318524e-008 -4.150985e-007 -2.389400e-007
4.358712e-008 -4.149312e-007 -2.452110e-007
4.398923e-008 -4.147631e-007 -2.514854e-007
4.439147e-008 -4.145940e-007 -2.577630e-007
4.479396e-008 -4.144240e-007 -2.640439e-007
4.519649e-008 -4.142530e-007 -2.703281e-007
4.559911e-008 -4.140811e-007 -2.766155e-007
4.600188e-008 -4.139083e-007 -2.829062e-007
4.640482e-008 -4.137345e-007 -2.892000e-007
4.680789e-008 -4.135597e-007 -2.954970e-007
4.721100e-008 -4.133839e-007 -3.017972e-007
4.761422e-008 -4.132072e-007 -3.081004e-007
4.801760e-008 -4.130295e-007 -3.144068e-007
4.842100e-008 -4.128508e-007 -3.207162e-007
4.882785e-008 -4.126708e-007 -3.270288e-007
4.923980e-008 -4.124893e-007 -3.333444e-007
4.965355e-008 -4.123066e-007 -3.396628e-007
5.006707e-008 -4.121229e-007 -3.459840e-007
5.047974e-008 -4.119382e-007 -3.523082e-007
5.089126e-008 -4.117527e-007 -3.586353e-007
5.130166e-008 -4.115663e-007 -3.649654e-007
5.171090e-008 -4.113790e-007 -3.712984e-007
5.211920e-008 -4.111909e-007 -3.776343e-007
5.252689e-008 -4.110018e-007 -3.839731e-007
5.293402e-008 -4.108117e-007 -3.903147e-007
5.334076e-008 -4.106207e-007 -3.966591e-007
5.374712e-008 -4.104287e-007 -4.030063e-007
5.415335e-008 -4.102358e-007 -4.093563e-007
5.455942e-008 -4.100418e-007 -4.157089e-007
5.496555e-008 -4.098468e-007 -4.220643e-007
5.537163e-008 -4.096508e-007 -4.284223e-007
5.577770e-008 -4.094538e-007 -4.347829e-007
5.618386e-008 -4.092558e-007 -4.411461e-007
5.659009e-008 -4.090568e-007 -4.475119e-007
5.699645e-008 -4.088567e-007 -4.538803e-007
5.740300e-008 -4.086556e-007 -4.602511e-007
5.781832e-008 -4.084520e-007 -4.666255e-007
5.828676e-008 -4.082387e-007 -4.730086e-007
5.878230e-008 -4.080192e-007 -4.793972e-007
5.928267e-008 -4.077974e-007 -4.857894e-007
5.977644e-008 -4.075752e-007 -4.921850e-007
6.025910e-008 -4.073536e-007 -4.985838e-007
6.072953e-008 -4.071328e-007 -5.049860e-007
6.118824e-008 -4.069129e-007 -5.113915e-007
6.163661e-008 -4.066937e-007 -5.178003e-007
6.207642e-008 -4.064749e-007 -5.242124e-007
6.250920e-008 -4.062561e-007 -5.306275e-007
6.297191e-008 -4.060307e-007 -5.370509e-007
6.351834e-008 -4.057878e-007 -5.434891e-007
6.409490e-008 -4.055371e-007 -5.499352e-007
6.467015e-008 -4.052845e-007 -5.563864e-007
6.522918e-008 -4.050331e-007 -5.628422e-007
6.576655e-008 -4.047843e-007 -5.693023e-007
6.628162e-008 -4.045384e-007 -5.757668e-007
6.677620e-008 -4.042952e-007 -5.822356e-007
6.725308e-008 -4.040542e-007 -5.887086e-007
6.771528e-008 -4.038148e-007 -5.951858e-007
6.816575e-008 -4.035765e-007 -6.016668e-007
6.860684e-008 -4.033387e-007 -6.081517e-007
6.904501e-008 -4.031003e-007 -6.146407e-007
6.948610e-008 -4.028599e-007 -6.211344e-007
6.992585e-008 -4.026183e-007 -6.276318e-007
7.036235e-008 -4.023761e-007 -6.341327e-007
7.079402e-008 -4.021337e-007 -6.406363e-007
7.122107e-008 -4.018911e-007 -6.471425e-007
7.164451e-008 -4.016481e-007 -6.536516e-007
7.206518e-008 -4.014044e-007 -6.601637e-007
7.248370e-008 -4.011600e-007 -6.666788e-007
7.290072e-008 -4.009147e-007 -6.731969e-007
7.331670e-008 -4.006684e-007 -6.797180e-007
7.373190e-008 -4.004211e-007 -6.862420e-007
7.414662e-008 -4.001727e-007 -6.927689e-007
7.456098e-008 -3.999232e-007 -6.992987e-007
7.497507e-008 -3.996726e-007 -7.058312e-007
7.538919e-008 -3.994208e-007 -7.123665e-007
7.580318e-008 -3.991680e-007 -7.189046e-007
7.621685e-008 -3.989141e-007 -7.254450e-007
7.662549e-008 -3.986614e-007 -7.319837e-007
7.703087e-008 -3.984089e-007 -7.385218e-007
7.743561e-008 -3.981557e-007 -7.450609e-007
7.784108e-008 -3.979012e-007 -7.516018e-007
7.824781e-008 -3.976450e-007 -7.581447e-007
6.819159e-008 -3.983332e-007 -7.627707e-007
5.723589e-008 -3.991793e-007 -7.674092e-007
5.427071e-008 -3.992957e-007 -7.732471e-007
5.544339e-008 -3.989854e-007 -7.794908e-007
5.852021e-008 -3.984533e-007 -7.858482e-007
6.225529e-008 -3.978305e-007 -7.922284e-007
6.599237e-008 -3.971950e-007 -7.986132e-007
6.941850e-008 -3.965892e-007 -8.050067e-007
7.241380e-008 -3.960320e-007 -8.114159e-007
7.496171e-008 -3.955285e-007 -8.178457e-007
7.709636e-008 -3.950758e-007 -8.242980e-007
7.887313e-008 -3.946671e-007 -8.307723e-007
-5.460983e-003 4.099521e-003 -2.702750e-003
-1.212263e-002 8.015801e-003 -4.434543e-003
-1.591966e-002 7.377749e-003 -1.057154e-003
-1.619592e-002 6.499877e-003 -3.534389e-004
-1.623298e-002 6.376297e-003 -3.364699e-004
-1.623615e-002 6.365766e-003 -3.384784e-004
-1.623427e-002 6.372202e-003 -3.411396e-004
-1.623153e-002 6.381451e-003 -3.437695e-004
-1.622857e-002 6.391433e-003 -3.463167e-004
-1.622546e-002 6.401851e-003 -3.487742e-004
-1.622222e-002 6.412666e-003 -3.511405e-004
-1.621885e-002 6.423881e-003 -3.534148e-004
-1.621535e-002 6.435505e-003 -3.555964e-004
-1.621170e-002 6.447548e-003 -3.576848e-004
-1.620791e-002 6.460021e-003 -3.596794e-004
-1.620397e-002 6.472936e-003 -3.615797e-004
-1.619988e-002 6.486306e-003 -3.633852e-004
-1.619563e-002 6.500144e-003 -3.650956e-004
-1.619121e-002 6.514467e-003 -3.667104e-004
-1.618663e-002 6.529289e-003 -3.682290e-004
-1.618187e-002 6.544629e-003 -3.696512e-004
-1.617693e-002 6.560505e-003 -3.709766e-004
-1.617179e-002 6.576937e-003 -3.722049e-004
-1.616646e-002 6.593947e-003 -3.733361e-004
-1.616092e-002 6.611559e-003 -3.743697e-004
-1.615517e-002 6.629798e-003 -3.753059e-004
-1.614919e-002 6.648694e-003 -3.761443e-004
-1.614297e-002 6.668276e-003 -3.768852e-004
-1.613649e-002 6.688579e-003 -3.775283e-004
-1.612976e-002 6.709637e-003 -3.780734e-004
-1.612274e-002 6.731492e-003 -3.785210e-004
-1.611543e-002 6.754188e-003 -3.788716e-004
-1.610779e-002 6.777771e-003 -3.791256e-004
-1.609983e-002 6.802301e-003 -3.792830e-004
-1.609151e-002 6.827835e-003 -3.793442e-004
-1.608280e-002 6.854441e-003 -3.793100e-004
-1.607369e-002 6.882193e-003 -3.791811e-004
-1.606412e-002 6.911174e-003 -3.789586e-004
-1.605408e-002 6.941482e-003 -3.786438e-004
-1.604352e-002 6.973211e-003 -3.782376e-004
-1.603239e-002 7.006478e-003 -3.777415e-004
-1.602066e-002 7.041429e-003 -3.771568e-004
-1.600874e-002 7.078414e-003 -3.764664e-004
-1.599558e-002 7.117196e-003 -3.757063e-004
-1.598157e-002 7.158225e-003 -3.748674e-004
-1.596662e-002 7.201730e-003 -3.739493e-004
-1.595062e-002 7.247999e-003 -3.729556e-004
-1.593343e-002 7.297378e-003 -3.718910e-004
-1.591488e-002 7.350282e-003 -3.707610e-004
-1.589475e-002 7.407221e-003 -3.695717e-004
-1.587279e-002 7.468820e-003 -3.683307e-004
-1.584866e-002 7.535868e-003 -3.670483e-004
-1.580592e-002 7.636014e-003 -3.889398e-004
-1.574568e-002 7.797219e-003 -4.433864e-004
-1.567298e-002 7.986269e-003 -5.162543e-004
-1.558730e-002 8.201649e-003 -6.156971e-004
-1.548529e-002 8.447905e-003 -7.573461e-004
-1.536649e-002 8.734534e-003 -9.706993e-004
-1.443036e-002 8.453828e-003 -1.133031e-003
-1.263300e-002 7.504028e-003 -1.141393e-003
-1.059867e-002 6.319953e-003 -1.054295e-003
-8.644213e-003 5.135824e-003 -9.206139e-004
-6.910887e-003 4.065528e-003 -7.733019e-004
-5.444845e-003 3.153525e-003 -6.316824e-004
-4.242461e-003 2.406170e-003 -5.053947e-004
-3.277247e-003 1.810714e-003 -3.980016e-004
-2.514426e-003 1.346354e-003 -3.095936e-004
-1.918603e-003 9.903852e-004 -2.385000e-004
-1.457417e-003 7.213617e-004 -1.823256e-004
-1.102984e-003 5.205128e-004 -1.385392e-004
-8.321450e-004 3.721697e-004 -1.047753e-004
-6.261453e-004 2.636746e-004 -7.896684e-005
-4.700625e-004 1.850463e-004 -5.938165e-005
-3.521804e-004 1.285612e-004 -4.460926e-005
-2.633918e-004 8.833310e-005 -3.352474e-005
-1.966851e-004 5.993439e-005 -2.524775e-005
-1.466550e-004 4.006709e-005 -1.908826e-005
-1.092018e-004 2.630346e-005 -1.452085e-005
-8.121049e-005 1.687050e-005 -1.114496e-005
-6.032232e-005 1.048420e-005 -8.657208e-006
-4.475663e-005 6.222155e-006 -6.829108e-006
-3.317243e-005 3.426935e-006 -5.489402e-006
-2.456202e-005 1.633732e-006 -4.510264e-006
-1.816964e-005 5.166351e-007 -3.796627e-006
-1.342940e-005 -1.508657e-007 -3.278020e-006
-9.918276e-006 -5.246852e-007 -2.902357e-006
-7.320443e-006 -7.109889e-007 -2.631238e-006
-5.400454e-006 -7.811687e-007 -2.436424e-006
-3.982991e-006 -7.825225e-007 -2.297196e-006
-2.937667e-006 -7.458137e-007 -2.198381e-006
-2.167622e-006 -6.905825e-007 -2.128895e-006
-1.600983e-006 -6.288476e-007 -2.080651e-006
-1.184478e-006 -5.676627e-007 -2.047765e-006
-8.786640e-007 -5.108667e-007 -2.025959e-006
-6.543700e-007 -4.602677e-007 -2.012133e-006
-4.900439e-007 -4.164341e-007 -2.004039e-006
-3.697805e-007 -3.792149e-007 -2.000053e-006
-2.818567e-007 -3.480714e-007 -1.999006e-006
-2.176407e-007 -3.222909e-007 -2.000059e-006
-1.707832e-007 -3.011144e-007 -2.002607e-006
-1.366196e-007 -2.838096e-007 -2.006217e-006
-1.117269e-007 -2.697091e-007 -2.010579e-006
-9.359629e-008 -2.582271e-007 -2.015472e-006
-8.039117e-008 -2.488625e-007 -2.020739e-006
-7.076872e-008 -2.411953e-007 -2.026268e-006
-6.374846e-008 -2.348787e-007 -2.031981e-006
-5.861537e-008 -2.296297e-007 -2.037822e-006
-5.484874e-008 -2.252201e-007 -2.043751e-006
-5.206992e-008 -2.214668e-007 -2.049741e-006
-5.000394e-008 -2.182246e-007 -2.055774e-006
-4.845142e-008 -2.153786e-007 -2.061835e-006
-4.726806e-008 -2.128386e-007 -2.067916e-006
-4.634952e-008 -2.105341e-007 -2.074010e-006
-4.562055e-008 -2.084101e-007 -2.080114e-006
-4.502694e-008 -2.064240e-007 -2.086223e-006
-4.452973e-008 -2.045429e-007 -2.092337e-006
-4.410097e-008 -2.027415e-007 -2.098455e-006
-4.372065e-008 -2.010002e-007 -2.104574e-006
-4.337449e-008 -1.993042e-007 -2.110695e-006
-4.305229e-008 -1.976420e-007 -2.116817e-006
-4.274682e-008 -1.960050e-007 -2.122941e-006
-4.245296e-008 -1.943865e-007 -2.129065e-006
-4.216707e-008 -1.927815e-007 -2.135191e-006
-4.188661e-008 -1.911862e-007 -2.141317e-006
-4.160980e-008 -1.895978e-007 -2.147444e-006
-4.133538e-008 -1.880141e-007 -2.153572e-006
-4.106247e-008 -1.864333e-007 -2.159701e-006
-4.079047e-008 -1.848543e-007 -2.165831e-006
-4.051899e-008 -1.832763e-007 -2.171961e-006
-4.024772e-008 -1.816984e-007 -2.178092e-006
-3.997650e-008 -1.801202e-007 -2.184224e-006
-3.970517e-008 -1.785413e-007 -2.190357e-006
-3.943367e-008 -1.769613e-007 -2.196490e-006
-3.916193e-008 -1.753802e-007 -2.202624e-006
-3.888991e-008 -1.737976e-007 -2.208759e-006
-3.861759e-008 -1.722135e-007 -2.214894e-006
-3.834498e-008 -1.706279e-007 -2.221030e-006
-3.807204e-008 -1.690406e-007 -2.227167e-006
-3.779878e-008 -1.674515e-007 -2.233304e-006
-3.752520e-008 -1.658608e-007 -2.239441e-006
-3.725130e-008 -1.642683e-007 -2.245579e-006
-3.697708e-008 -1.626740e-007 -2.251718e-006
-3.670253e-008 -1.610778e-007 -2.257857e-006
-3.642767e-008 -1.594799e-007 -2.263996e-006
-3.615248e-008 -1.578802e-007 -2.270136e-006
-3.587698e-008 -1.562786e-007 -2.276276e-006
-3.560117e-008 -1.546753e-007 -2.282416e-006
-3.532503e-008 -1.530700e-007 -2.288557e-006
-3.504858e-008 -1.514629e-007 -2.294698e-006
-3.477182e-008 -1.498541e-007 -2.300839e-006
-3.449475e-008 -1.482434e-007 -2.306980e-006
-3.421737e-008 -1.466309e-007 -2.313121e-006
-3.393968e-008 -1.450166e-007 -2.319262e-006
-3.366168e-008 -1.434004e-007 -2.325404e-006
-3.338335e-008 -1.417824e-007 -2.331545e-006
-3.310472e-008 -1.401626e-007 -2.337687e-006
-3.282578e-008 -1.385409e-007 -2.343828e-006
-3.254653e-008 -1.369175e-007 -2.349969e-006
-3.226697e-008 -1.352922e-007 -2.356110e-006
-3.198712e-008 -1.336651e-007 -2.362251e-006
-3.170695e-008 -1.320363e-007 -2.368392e-006
-3.142648e-008 -1.304056e-007 -2.374533e-006
-3.114570e-008 -1.287731e-007 -2.380673e-006
-3.086460e-008 -1.271388e-007 -2.386813e-006
-3.058321e-008 -1.255027e-007 -2.392953e-006
-3.030150e-008 -1.238647e-007 -2.399092e-006
-3.001950e-008 -1.222251e-007 -2.405231e-006
-2.973719e-008 -1.205836e-007 -2.411370e-006
-2.945458e-008 -1.189403e-007 -2.417508e-006
-2.917167e-008 -1.172952e-007 -2.423646e-006
-2.888846e-008 -1.156484e-007 -2.429783e-006
-2.860494e-008 -1.139998e-007 -2.435919e-006
-2.832112e-008 -1.123494e-007 -2.442055e-006
-2.803700e-008 -1.106971e-007 -2.448190e-006
-2.775257e-008 -1.090432e-007 -2.454325e-006
-2.746785e-008 -1.073874e-007 -2.460459e-006
-2.718284e-008 -1.057299e-007 -2.466592e-006
-2.689753e-008 -1.040707e-007 -2.472724e-006
-2.661192e-008 -1.024097e-007 -2.478855e-006
-2.632602e-008 -1.007470e-007 -2.484986e-006
